0
0.000899595
0.00179819
0.00269579
0.00359239
0.00448799
0.0053826
0.00627621
0.00716884
0.00806046
0.0089511
0.00984075
0.0107294
0.0116171
0.0125038
0.0133895
0.0142742
0.0151579
0.0160406
0.0169224
0.0178032
0.018683
0.0195618
0.0204396
0.0213165
0.0221924
0.0230673
0.0239412
0.0248142
0.0256862
0.0265572
0.0274273
0.0282963
0.0291645
0.0300316
0.0308978
0.031763
0.0326272
0.0334905
0.0343528
0.0352142
0.0360746
0.036934
0.0377925
0.03865
0.0395066
0.0403622
0.0412168
0.0420705
0.0429233
0.0437751
0.0446259
0.0454758
0.0463247
0.0471727
0.0480198
0.0488659
0.049711
0.0505552
0.0513985
0.0522408
0.0530822
0.0539226
0.0547621
0.0556007
0.0564383
0.057275
0.0581107
0.0589455
0.0597794
0.0606123
0.0614443
0.0622754
0.0631056
0.0639348
0.0647631
0.0655904
0.0664169
0.0672424
0.0680669
0.0688906
0.0697133
0.0705351
0.071356
0.072176
0.0729951
0.0738132
0.0746304
0.0754467
0.0762621
0.0770765
0.0778901
0.0787027
0.0795145
0.0803253
0.0811352
0.0819442
0.0827523
0.0835594
0.0843657
0.0851711
0.0859755
0.0867791
0.0875818
0.0883835
0.0891844
0.0899843
0.0907834
0.0915815
0.0923788
0.0931751
0.0939706
0.0947651
0.0955588
0.0963516
0.0971435
0.0979345
0.0987246
0.0995138
0.100302
0.10109
0.101876
0.102662
0.103447
0.10423
0.105013
0.105796
0.106577
0.107357
0.108137
0.108915
0.109693
0.11047
0.111246
0.112021
0.112795
0.113568
0.114341
0.115113
0.115883
0.116653
0.117422
0.11819
0.118958
0.119724
0.120489
0.121254
0.122018
0.122781
0.123543
0.124304
0.125064
0.125824
0.126583
0.12734
0.128097
0.128853
0.129609
0.130363
0.131116
0.131869
0.132621
0.133372
0.134122
0.134871
0.135619
0.136367
0.137114
0.137859
0.138604
0.139349
0.140092
0.140834
0.141576
0.142317
0.143057
0.143796
0.144534
0.145272
0.146008
0.146744
0.147479
0.148213
0.148946
0.149679
0.15041
0.151141
0.151871
0.1526
0.153328
0.154056
0.154782
0.155508
0.156233
0.156957
0.15768
0.158403
0.159124
0.159845
0.160565
0.161285
0.162003
0.16272
0.163437
0.164153
0.164868
0.165583
0.166296
0.167009
0.167721
0.168432
0.169142
0.169851
0.17056
0.171268
0.171975
0.172681
0.173386
0.174091
0.174795
0.175498
0.1762
0.176901
0.177602
0.178302
0.179001
0.179699
0.180396
0.181093
0.181788
0.182483
0.183178
0.183871
0.184564
0.185255
0.185946
0.186637
0.187326
0.188015
0.188703
0.18939
0.190076
0.190762
0.191446
0.19213
0.192813
0.193496
0.194177
0.194858
0.195538
0.196217
0.196896
0.197573
0.19825
0.198927
0.199602
0.200276
0.20095
0.201623
0.202296
0.202967
0.203638
0.204308
0.204977
0.205645
0.206313
0.20698
0.207646
0.208311
0.208976
0.20964
0.210303
0.210965
0.211627
0.212287
0.212947
0.213607
0.214265
0.214923
0.21558
0.216236
0.216891
0.217546
0.2182
0.218853
0.219506
0.220157
0.220808
0.221458
0.222108
0.222757
0.223404
0.224052
0.224698
0.225344
0.225989
0.226633
0.227276
0.227919
0.228561
0.229202
0.229843
0.230483
0.231122
0.23176
0.232397
0.233034
0.23367
0.234306
0.23494
0.235574
0.236207
0.23684
0.237471
0.238102
0.238732
0.239362
0.239991
0.240619
0.241246
0.241872
0.242498
0.243123
0.243748
0.244371
0.244994
0.245617
0.246238
0.246859
0.247479
0.248098
0.248717
0.249335
0.249952
0.250568
0.251184
0.251799
0.252413
0.253027
0.25364
0.254252
0.254863
0.255474
0.256084
0.256694
0.257302
0.25791
0.258517
0.259124
0.25973
0.260335
0.260939
0.261543
0.262146
0.262748
0.26335
0.26395
0.264551
0.26515
0.265749
0.266347
0.266944
0.267541
0.268137
0.268732
0.269327
0.269921
0.270514
0.271106
0.271698
0.272289
0.27288
0.273469
0.274058
0.274647
0.275234
0.275821
0.276408
0.276993
0.277578
0.278163
0.278746
0.279329
0.279911
0.280493
0.281073
0.281654
0.282233
0.282812
0.28339
0.283967
0.284544
0.28512
0.285696
0.28627
0.286844
0.287418
0.287991
0.288563
0.289134
0.289705
0.290275
0.290844
0.291413
0.291981
0.292548
0.293115
0.293681
0.294246
0.294811
0.295375
0.295938
0.296501
0.297063
0.297624
0.298185
0.298745
0.299304
0.299863
0.300421
0.300978
0.301535
0.302091
0.302647
0.303202
0.303756
0.304309
0.304862
0.305414
0.305966
0.306517
0.307067
0.307616
0.308165
0.308713
0.309261
0.309808
0.310354
0.3109
0.311445
0.31199
0.312533
0.313076
0.313619
0.314161
0.314702
0.315242
0.315782
0.316321
0.31686
0.317398
0.317935
0.318472
0.319008
0.319544
0.320078
0.320613
0.321146
0.321679
0.322211
0.322743
0.323274
0.323804
0.324334
0.324863
0.325392
0.325919
0.326447
0.326973
0.327499
0.328025
0.328549
0.329073
0.329597
0.33012
0.330642
0.331163
0.331684
0.332205
0.332725
0.333244
0.333762
0.33428
0.334797
0.335314
0.33583
0.336345
0.33686
0.337374
0.337888
0.338401
0.338913
0.339425
0.339936
0.340447
0.340957
0.341466
0.341975
0.342483
0.34299
0.343497
0.344003
0.344509
0.345014
0.345518
0.346022
0.346525
0.347028
0.34753
0.348031
0.348532
0.349032
0.349532
0.350031
0.35053
0.351027
0.351525
0.352021
0.352517
0.353013
0.353508
0.354002
0.354495
0.354988
0.355481
0.355973
0.356464
0.356955
0.357445
0.357934
0.358423
0.358912
0.359399
0.359887
0.360373
0.360859
0.361345
0.361829
0.362314
0.362797
0.36328
0.363763
0.364245
0.364726
0.365207
0.365687
0.366166
0.366645
0.367124
0.367602
0.368079
0.368556
0.369032
0.369507
0.369982
0.370457
0.37093
0.371404
0.371876
0.372348
0.37282
0.373291
0.373761
0.374231
0.3747
0.375169
0.375637
0.376105
0.376571
0.377038
0.377504
0.377969
0.378434
0.378898
0.379361
0.379824
0.380287
0.380749
0.38121
0.381671
0.382131
0.382591
0.38305
0.383508
0.383966
0.384424
0.38488
0.385337
0.385792
0.386248
0.386702
0.387156
0.38761
0.388063
0.388515
0.388967
0.389418
0.389869
0.390319
0.390769
0.391218
0.391667
0.392115
0.392562
0.393009
0.393455
0.393901
0.394346
0.394791
0.395235
0.395679
0.396122
0.396565
0.397007
0.397448
0.397889
0.398329
0.398769
0.399209
0.399647
0.400086
0.400523
0.40096
0.401397
0.401833
0.402269
0.402704
0.403138
0.403572
0.404005
0.404438
0.404871
0.405302
0.405734
0.406164
0.406595
0.407024
0.407454
0.407882
0.40831
0.408738
0.409165
0.409591
0.410017
0.410443
0.410868
0.411292
0.411716
0.412139
0.412562
0.412985
0.413406
0.413828
0.414248
0.414669
0.415088
0.415508
0.415926
0.416344
0.416762
0.417179
0.417596
0.418012
0.418427
0.418842
0.419257
0.419671
0.420085
0.420498
0.42091
0.421322
0.421734
0.422144
0.422555
0.422965
0.423374
0.423783
0.424192
0.424599
0.425007
0.425414
0.42582
0.426226
0.426631
0.427036
0.427441
0.427844
0.428248
0.428651
0.429053
0.429455
0.429856
0.430257
0.430657
0.431057
0.431456
0.431855
0.432254
0.432651
0.433049
0.433446
0.433842
0.434238
0.434633
0.435028
0.435422
0.435816
0.43621
0.436603
0.436995
0.437387
0.437778
0.438169
0.43856
0.43895
0.439339
0.439728
0.440116
0.440504
0.440892
0.441279
0.441665
0.442051
0.442437
0.442822
0.443207
0.443591
0.443974
0.444357
0.44474
0.445122
0.445504
0.445885
0.446266
0.446646
0.447026
0.447405
0.447784
0.448162
0.44854
0.448917
0.449294
0.449671
0.450047
0.450422
0.450797
0.451172
0.451546
0.451919
0.452292
0.452665
0.453037
0.453409
0.45378
0.45415
0.454521
0.454891
0.45526
0.455629
0.455997
0.456365
0.456732
0.457099
0.457466
0.457832
0.458197
0.458563
0.458927
0.459291
0.459655
0.460018
0.460381
0.460743
0.461105
0.461467
0.461828
0.462188
0.462548
0.462908
0.463267
0.463625
0.463984
0.464341
0.464699
0.465055
0.465412
0.465768
0.466123
0.466478
0.466833
0.467187
0.46754
0.467894
0.468246
0.468599
0.46895
0.469302
0.469653
0.470003
0.470353
0.470703
0.471052
0.4714
0.471749
0.472096
0.472444
0.472791
0.473137
0.473483
0.473828
0.474174
0.474518
0.474862
0.475206
0.475549
0.475892
0.476235
0.476577
0.476918
0.477259
0.4776
0.47794
0.47828
0.478619
0.478958
0.479297
0.479635
0.479972
0.480309
0.480646
0.480982
0.481318
0.481654
0.481989
0.482323
0.482657
0.482991
0.483324
0.483657
0.483989
0.484321
0.484653
0.484984
0.485314
0.485645
0.485974
0.486304
0.486633
0.486961
0.487289
0.487617
0.487944
0.488271
0.488597
0.488923
0.489249
0.489574
0.489898
0.490222
0.490546
0.49087
0.491193
0.491515
0.491837
0.492159
0.49248
0.492801
0.493121
0.493441
0.493761
0.49408
0.494399
0.494717
0.495035
0.495353
0.49567
0.495986
0.496303
0.496618
0.496934
0.497249
0.497563
0.497878
0.498191
0.498505
0.498818
0.49913
0.499442
0.499754
0.500065
0.500376
0.500686
0.500996
0.501306
0.501615
0.501924
0.502232
0.50254
0.502848
0.503155
0.503462
0.503768
0.504074
0.50438
0.504685
0.50499
0.505294
0.505598
0.505902
0.506205
0.506507
0.50681
0.507112
0.507413
0.507714
0.508015
0.508315
0.508615
0.508915
0.509214
0.509513
0.509811
0.510109
0.510406
0.510703
0.511
0.511297
0.511592
0.511888
0.512183
0.512478
0.512772
0.513066
0.51336
0.513653
0.513946
0.514238
0.51453
0.514822
0.515113
0.515404
0.515694
0.515984
0.516274
0.516563
0.516852
0.51714
0.517429
0.517716
0.518004
0.518291
0.518577
0.518863
0.519149
0.519434
0.519719
0.520004
0.520288
0.520572
0.520856
0.521139
0.521421
0.521704
0.521986
0.522267
0.522548
0.522829
0.523109
0.52339
0.523669
0.523948
0.524227
0.524506
0.524784
0.525062
0.525339
0.525616
0.525893
0.526169
0.526445
0.52672
0.526995
0.52727
0.527545
0.527819
0.528092
0.528365
0.528638
0.528911
0.529183
0.529455
0.529726
0.529997
0.530268
0.530538
0.530808
0.531077
0.531347
0.531615
0.531884
0.532152
0.53242
0.532687
0.532954
0.53322
0.533487
0.533753
0.534018
0.534283
0.534548
0.534812
0.535076
0.53534
0.535603
0.535866
0.536129
0.536391
0.536653
0.536914
0.537176
0.537436
0.537697
0.537957
0.538216
0.538476
0.538735
0.538993
0.539252
0.539509
0.539767
0.540024
0.540281
0.540537
0.540794
0.541049
0.541305
0.54156
0.541814
0.542069
0.542323
0.542576
0.54283
0.543083
0.543335
0.543587
0.543839
0.544091
0.544342
0.544593
0.544843
0.545093
0.545343
0.545592
0.545841
0.54609
0.546339
0.546587
0.546834
0.547082
0.547329
0.547575
0.547821
0.548067
0.548313
0.548558
0.548803
0.549048
0.549292
0.549536
0.549779
0.550022
0.550265
0.550508
0.55075
0.550992
0.551233
0.551474
0.551715
0.551955
0.552195
0.552435
0.552675
0.552914
0.553152
0.553391
0.553629
0.553867
0.554104
0.554341
0.554578
0.554814
0.55505
0.555286
0.555521
0.555756
0.555991
0.556225
0.556459
0.556693
0.556926
0.55716
0.557392
0.557625
0.557857
0.558088
0.55832
0.558551
0.558781
0.559012
0.559242
0.559472
0.559701
0.55993
0.560159
0.560387
0.560615
0.560843
0.56107
0.561297
0.561524
0.561751
0.561977
0.562203
0.562428
0.562653
0.562878
0.563102
0.563327
0.56355
0.563774
0.563997
0.56422
0.564442
0.564665
0.564887
0.565108
0.565329
0.56555
0.565771
0.565991
0.566211
0.566431
0.56665
0.566869
0.567088
0.567306
0.567524
0.567742
0.567959
0.568177
0.568393
0.56861
0.568826
0.569042
0.569257
0.569473
0.569687
0.569902
0.570116
0.57033
0.570544
0.570757
0.57097
0.571183
0.571395
0.571607
0.571819
0.572031
0.572242
0.572452
0.572663
0.572873
0.573083
0.573293
0.573502
0.573711
0.57392
0.574128
0.574336
0.574544
0.574751
0.574958
0.575165
0.575372
0.575578
0.575784
0.575989
0.576194
0.576399
0.576604
0.576808
0.577012
0.577216
0.57742
0.577623
0.577826
0.578028
0.57823
0.578432
0.578634
0.578835
0.579036
0.579237
0.579438
0.579638
0.579838
0.580037
0.580236
0.580435
0.580634
0.580832
0.58103
0.581228
0.581425
0.581623
0.581819
0.582016
0.582212
0.582408
0.582604
0.582799
0.582994
0.583189
0.583384
0.583578
0.583772
0.583965
0.584159
0.584352
0.584544
0.584737
0.584929
0.585121
0.585312
0.585503
0.585694
0.585885
0.586075
0.586266
0.586455
0.586645
0.586834
0.587023
0.587212
0.5874
0.587588
0.587776
0.587963
0.588151
0.588338
0.588524
0.588711
0.588897
0.589082
0.589268
0.589453
0.589638
0.589823
0.590007
0.590191
0.590375
0.590558
0.590742
0.590924
0.591107
0.59129
0.591472
0.591653
0.591835
0.592016
0.592197
0.592378
0.592558
0.592738
0.592918
0.593098
0.593277
0.593456
0.593635
0.593813
0.593991
0.594169
0.594347
0.594524
0.594701
0.594878
0.595054
0.595231
0.595407
0.595582
0.595758
0.595933
0.596108
0.596282
0.596457
0.596631
0.596804
0.596978
0.597151
0.597324
0.597497
0.597669
0.597841
0.598013
0.598184
0.598356
0.598527
0.598698
0.598868
0.599038
0.599208
0.599378
0.599547
0.599716
0.599885
0.600054
0.600222
0.60039
0.600558
0.600725
0.600893
0.60106
0.601226
0.601393
0.601559
0.601725
0.601891
0.602056
0.602221
0.602386
0.602551
0.602715
0.602879
0.603043
0.603206
0.60337
0.603533
0.603695
0.603858
0.60402
0.604182
0.604344
0.604505
0.604666
0.604827
0.604988
0.605148
0.605309
0.605468
0.605628
0.605787
0.605946
0.606105
0.606264
0.606422
0.60658
0.606738
0.606896
0.607053
0.60721
0.607367
0.607523
0.607679
0.607835
0.607991
0.608147
0.608302
0.608457
0.608612
0.608766
0.60892
0.609074
0.609228
0.609382
0.609535
0.609688
0.60984
0.609993
0.610145
0.610297
0.610449
0.6106
0.610751
0.610902
0.611053
0.611203
0.611353
0.611503
0.611653
0.611803
0.611952
0.612101
0.612249
0.612398
0.612546
0.612694
0.612842
0.612989
0.613136
0.613283
0.61343
0.613576
0.613723
0.613869
0.614014
0.61416
0.614305
0.61445
0.614595
0.614739
0.614883
0.615027
0.615171
0.615315
0.615458
0.615601
0.615744
0.615886
0.616029
0.616171
0.616313
0.616454
0.616595
0.616737
0.616877
0.617018
0.617158
0.617299
0.617438
0.617578
0.617717
0.617857
0.617996
0.618134
0.618273
0.618411
0.618549
0.618687
0.618824
0.618961
0.619098
0.619235
0.619372
0.619508
0.619644
0.61978
0.619916
0.620051
0.620186
0.620321
0.620456
0.62059
0.620724
0.620858
0.620992
0.621126
0.621259
0.621392
0.621525
0.621657
0.62179
0.621922
0.622054
0.622185
0.622317
0.622448
0.622579
0.62271
0.62284
0.62297
0.6231
0.62323
0.62336
0.623489
0.623618
0.623747
0.623876
0.624004
0.624132
0.62426
0.624388
0.624515
0.624643
0.62477
0.624897
0.625023
0.62515
0.625276
0.625402
0.625527
0.625653
0.625778
0.625903
0.626028
0.626152
0.626277
0.626401
0.626525
0.626648
0.626772
0.626895
0.627018
0.627141
0.627263
0.627386
0.627508
0.62763
0.627751
0.627873
0.627994
0.628115
0.628236
0.628356
0.628477
0.628597
0.628717
0.628837
0.628956
0.629075
0.629194
0.629313
0.629432
0.62955
0.629668
0.629786
0.629904
0.630021
0.630139
0.630256
0.630372
0.630489
0.630606
0.630722
0.630838
0.630953
0.631069
0.631184
0.631299
0.631414
0.631529
0.631644
0.631758
0.631872
0.631986
0.632099
0.632213
0.632326
0.632439
0.632552
0.632664
0.632776
0.632889
0.633
0.633112
0.633224
0.633335
0.633446
0.633557
0.633668
0.633778
0.633888
0.633998
0.634108
0.634218
0.634327
0.634436
0.634545
0.634654
0.634762
0.634871
0.634979
0.635087
0.635195
0.635302
0.635409
0.635516
0.635623
0.63573
0.635836
0.635943
0.636049
0.636155
0.63626
0.636366
0.636471
0.636576
0.636681
0.636785
0.63689
0.636994
0.637098
0.637202
0.637306
0.637409
0.637512
0.637615
0.637718
0.637821
0.637923
0.638025
0.638127
0.638229
0.63833
0.638432
0.638533
0.638634
0.638735
0.638835
0.638936
0.639036
0.639136
0.639236
0.639335
0.639434
0.639534
0.639633
0.639731
0.63983
0.639928
0.640027
0.640125
0.640222
0.64032
0.640417
0.640514
0.640611
0.640708
0.640805
0.640901
0.640997
0.641093
0.641189
0.641285
0.64138
0.641476
0.641571
0.641665
0.64176
0.641855
0.641949
0.642043
0.642137
0.64223
0.642324
0.642417
0.64251
0.642603
0.642696
0.642788
0.642881
0.642973
0.643065
0.643156
0.643248
0.643339
0.643431
0.643522
0.643612
0.643703
0.643793
0.643884
0.643974
0.644063
0.644153
0.644242
0.644332
0.644421
0.64451
0.644598
0.644687
0.644775
0.644863
0.644951
0.645039
0.645127
0.645214
0.645301
0.645388
0.645475
0.645562
0.645648
0.645734
0.645821
0.645906
0.645992
0.646078
0.646163
0.646248
0.646333
0.646418
0.646502
0.646587
0.646671
0.646755
0.646839
0.646923
0.647006
0.647089
0.647173
0.647255
0.647338
0.647421
0.647503
0.647585
0.647667
0.647749
0.647831
0.647912
0.647994
0.648075
0.648156
0.648237
0.648317
0.648398
0.648478
0.648558
0.648638
0.648717
0.648797
0.648876
0.648955
0.649034
0.649113
0.649192
0.64927
0.649348
0.649426
0.649504
0.649582
0.649659
0.649737
0.649814
0.649891
0.649968
0.650044
0.650121
0.650197
0.650273
0.650349
0.650425
0.650501
0.650576
0.650651
0.650726
0.650801
0.650876
0.65095
0.651025
0.651099
0.651173
0.651247
0.651321
0.651394
0.651467
0.651541
0.651614
0.651686
0.651759
0.651831
0.651904
0.651976
0.652048
0.65212
0.652191
0.652263
0.652334
0.652405
0.652476
0.652547
0.652617
0.652687
0.652758
0.652828
0.652898
0.652967
0.653037
0.653106
0.653176
0.653245
0.653313
0.653382
0.653451
0.653519
0.653587
0.653655
0.653723
0.653791
0.653858
0.653926
0.653993
0.65406
0.654127
0.654193
0.65426
0.654326
0.654393
0.654459
0.654524
0.65459
0.654656
0.654721
0.654786
0.654851
0.654916
0.654981
0.655045
0.65511
0.655174
0.655238
0.655302
0.655366
0.655429
0.655493
0.655556
0.655619
0.655682
0.655744
0.655807
0.655869
0.655932
0.655994
0.656056
0.656117
0.656179
0.656241
0.656302
0.656363
0.656424
0.656485
0.656545
0.656606
0.656666
0.656726
0.656786
0.656846
0.656906
0.656965
0.657025
0.657084
0.657143
0.657202
0.65726
0.657319
0.657377
0.657436
0.657494
0.657552
0.657609
0.657667
0.657725
0.657782
0.657839
0.657896
0.657953
0.658009
0.658066
0.658122
0.658179
0.658235
0.65829
0.658346
0.658402
0.658457
0.658512
0.658568
0.658622
0.658677
0.658732
0.658786
0.658841
0.658895
0.658949
0.659003
0.659057
0.65911
0.659164
0.659217
0.65927
0.659323
0.659376
0.659428
0.659481
0.659533
0.659585
0.659637
0.659689
0.659741
0.659793
0.659844
0.659895
0.659946
0.659997
0.660048
0.660099
0.660149
0.6602
0.66025
0.6603
0.66035
0.6604
0.660449
0.660499
0.660548
0.660597
0.660646
0.660695
0.660744
0.660793
0.660841
0.660889
0.660937
0.660985
0.661033
0.661081
0.661129
0.661176
0.661223
0.66127
0.661317
0.661364
0.661411
0.661457
0.661504
0.66155
0.661596
0.661642
0.661688
0.661733
0.661779
0.661824
0.661869
0.661914
0.661959
0.662004
0.662049
0.662093
0.662137
0.662182
0.662226
0.66227
0.662313
0.662357
0.6624
0.662444
0.662487
0.66253
0.662573
0.662616
0.662658
0.662701
0.662743
0.662785
0.662827
0.662869
0.662911
0.662953
0.662994
0.663035
0.663077
0.663118
0.663158
0.663199
0.66324
0.66328
0.663321
0.663361
0.663401
0.663441
0.663481
0.66352
0.66356
0.663599
0.663638
0.663678
0.663716
0.663755
0.663794
0.663833
0.663871
0.663909
0.663947
0.663985
0.664023
0.664061
0.664098
0.664136
0.664173
0.66421
0.664247
0.664284
0.664321
0.664358
0.664394
0.66443
0.664467
0.664503
0.664539
0.664574
0.66461
0.664645
0.664681
0.664716
0.664751
0.664786
0.664821
0.664856
0.66489
0.664925
0.664959
0.664993
0.665027
0.665061
0.665095
0.665129
0.665162
0.665195
0.665229
0.665262
0.665295
0.665328
0.66536
0.665393
0.665425
0.665458
0.66549
0.665522
0.665554
0.665586
0.665617
0.665649
0.66568
0.665711
0.665742
0.665773
0.665804
0.665835
0.665866
0.665896
0.665926
0.665957
0.665987
0.666017
0.666046
0.666076
0.666106
0.666135
0.666164
0.666194
0.666223
0.666252
0.66628
0.666309
0.666337
0.666366
0.666394
0.666422
0.66645
0.666478
0.666506
0.666534
0.666561
0.666588
0.666616
0.666643
0.66667
0.666697
0.666723
0.66675
0.666776
0.666803
0.666829
0.666855
0.666881
0.666907
0.666933
0.666958
0.666984
0.667009
0.667034
0.667059
0.667084
0.667109
0.667134
0.667159
0.667183
0.667207
0.667232
0.667256
0.66728
0.667304
0.667327
0.667351
0.667374
0.667398
0.667421
0.667444
0.667467
0.66749
0.667513
0.667535
0.667558
0.66758
0.667602
0.667625
0.667647
0.667668
0.66769
0.667712
0.667733
0.667755
0.667776
0.667797
0.667818
0.667839
0.66786
0.667881
0.667901
0.667922
0.667942
0.667962
0.667982
0.668002
0.668022
0.668042
0.668061
0.668081
0.6681
0.668119
0.668139
0.668158
0.668176
0.668195
0.668214
0.668232
0.668251
0.668269
0.668287
0.668305
0.668323
0.668341
0.668359
0.668376
0.668394
0.668411
0.668428
0.668445
0.668462
0.668479
0.668496
0.668513
0.668529
0.668546
0.668562
0.668578
0.668594
0.66861
0.668626
0.668642
0.668657
0.668673
0.668688
0.668703
0.668718
0.668733
0.668748
0.668763
0.668778
0.668792
0.668807
0.668821
0.668835
0.668849
0.668863
0.668877
0.668891
0.668905
0.668918
0.668932
0.668945
0.668958
0.668971
0.668984
0.668997
0.66901
0.669022
0.669035
0.669047
0.66906
0.669072
0.669084
0.669096
0.669108
0.669119
0.669131
0.669143
0.669154
0.669165
0.669176
0.669187
0.669198
0.669209
0.66922
0.669231
0.669241
0.669251
0.669262
0.669272
0.669282
0.669292
0.669302
0.669312
0.669321
0.669331
0.66934
0.669349
0.669359
0.669368
0.669377
0.669385
0.669394
0.669403
0.669411
0.66942
0.669428
0.669436
0.669444
0.669452
0.66946
0.669468
0.669476
0.669483
0.669491
0.669498
0.669505
0.669513
0.66952
0.669526
0.669533
0.66954
0.669547
0.669553
0.669559
0.669566
0.669572
0.669578
0.669584
0.66959
0.669596
0.669601
0.669607
0.669612
0.669618
0.669623
0.669628
0.669633
0.669638
0.669643
0.669647
0.669652
0.669656
0.669661
0.669665
0.669669
0.669673
0.669677
0.669681
0.669685
0.669689
0.669692
0.669696
0.669699
0.669702
0.669705
0.669708
0.669711
0.669714
0.669717
0.669719
0.669722
0.669724
0.669727
0.669729
0.669731
0.669733
0.669735
0.669737
0.669738
0.66974
0.669742
0.669743
0.669744
0.669745
0.669747
0.669748
0.669748
0.669749
0.66975
0.66975
0.669751
0.669751
0.669752
0.669752
0.669752
0.669752
0.669752
0.669752
0.669751
0.669751
0.66975
0.66975
0.669749
0.669748
0.669747
0.669746
0.669745
0.669744
0.669743
0.669741
0.66974
0.669738
0.669737
0.669735
0.669733
0.669731
0.669729
0.669727
0.669724
0.669722
0.669719
0.669717
0.669714
0.669711
0.669709
0.669706
0.669703
0.669699
0.669696
0.669693
0.669689
0.669686
0.669682
0.669678
0.669675
0.669671
0.669667
0.669662
0.669658
0.669654
0.66965
0.669645
0.66964
0.669636
0.669631
0.669626
0.669621
0.669616
0.669611
0.669606
0.6696
0.669595
0.669589
0.669584
0.669578
0.669572
0.669566
0.66956
0.669554
0.669548
0.669541
0.669535
0.669528
0.669522
0.669515
0.669508
0.669502
0.669495
0.669488
0.66948
0.669473
0.669466
0.669458
0.669451
0.669443
0.669436
0.669428
0.66942
0.669412
0.669404
0.669396
0.669388
0.669379
0.669371
0.669362
0.669354
0.669345
0.669336
0.669327
0.669318
0.669309
0.6693
0.669291
0.669281
0.669272
0.669262
0.669253
0.669243
0.669233
0.669223
0.669213
0.669203
0.669193
0.669183
0.669173
0.669162
0.669152
0.669141
0.66913
0.66912
0.669109
0.669098
0.669087
0.669076
0.669064
0.669053
0.669042
0.66903
0.669019
0.669007
0.668995
0.668983
0.668971
0.668959
0.668947
0.668935
0.668923
0.66891
0.668898
0.668885
0.668873
0.66886
0.668847
0.668834
0.668821
0.668808
0.668795
0.668782
0.668768
0.668755
0.668741
0.668728
0.668714
0.6687
0.668687
0.668673
0.668659
0.668644
0.66863
0.668616
0.668602
0.668587
0.668573
0.668558
0.668543
0.668528
0.668514
0.668499
0.668484
0.668468
0.668453
0.668438
0.668423
0.668407
0.668392
0.668376
0.66836
0.668344
0.668328
0.668312
0.668296
0.66828
0.668264
0.668248
0.668231
0.668215
0.668198
0.668182
0.668165
0.668148
0.668131
0.668114
0.668097
0.66808
0.668063
0.668045
0.668028
0.668011
0.667993
0.667975
0.667958
0.66794
0.667922
0.667904
0.667886
0.667868
0.667849
0.667831
0.667813
0.667794
0.667776
0.667757
0.667738
0.66772
0.667701
0.667682
0.667663
0.667644
0.667624
0.667605
0.667586
0.667566
0.667547
0.667527
0.667508
0.667488
0.667468
0.667448
0.667428
0.667408
0.667388
0.667368
0.667347
0.667327
0.667306
0.667286
0.667265
0.667245
0.667224
0.667203
0.667182
0.667161
0.66714
0.667119
0.667097
0.667076
0.667055
0.667033
0.667011
0.66699
0.666968
0.666946
0.666924
0.666902
0.66688
0.666858
0.666836
0.666814
0.666791
0.666769
0.666746
0.666724
0.666701
0.666678
0.666655
0.666633
0.66661
0.666587
0.666563
0.66654
0.666517
0.666494
0.66647
0.666447
0.666423
0.666399
0.666376
0.666352
0.666328
0.666304
0.66628
0.666256
0.666231
0.666207
0.666183
0.666158
0.666134
0.666109
0.666085
0.66606
0.666035
0.66601
0.665985
0.66596
0.665935
0.66591
0.665885
0.665859
0.665834
0.665808
0.665783
0.665757
0.665732
0.665706
0.66568
0.665654
0.665628
0.665602
0.665576
0.66555
0.665523
0.665497
0.66547
0.665444
0.665417
0.665391
0.665364
0.665337
0.66531
0.665283
0.665256
0.665229
0.665202
0.665175
0.665147
0.66512
0.665092
0.665065
0.665037
0.66501
0.664982
0.664954
0.664926
0.664898
0.66487
0.664842
0.664814
0.664786
0.664757
0.664729
0.6647
0.664672
0.664643
0.664614
0.664586
0.664557
0.664528
0.664499
0.66447
0.664441
0.664412
0.664382
0.664353
0.664324
0.664294
0.664265
0.664235
0.664205
0.664176
0.664146
0.664116
0.664086
0.664056
0.664026
0.663996
0.663965
0.663935
0.663905
0.663874
0.663844
0.663813
0.663782
0.663752
0.663721
0.66369
0.663659
0.663628
0.663597
0.663566
0.663535
0.663503
0.663472
0.663441
0.663409
0.663378
0.663346
0.663314
0.663282
0.663251
0.663219
0.663187
0.663155
0.663123
0.66309
0.663058
0.663026
0.662994
0.662961
0.662929
0.662896
0.662863
0.662831
0.662798
0.662765
0.662732
0.662699
0.662666
0.662633
0.6626
0.662567
0.662533
0.6625
0.662466
0.662433
0.662399
0.662366
0.662332
0.662298
0.662264
0.66223
0.662196
0.662162
0.662128
0.662094
0.66206
0.662026
0.661991
0.661957
0.661922
0.661888
0.661853
0.661818
0.661784
0.661749
0.661714
0.661679
0.661644
0.661609
0.661574
0.661538
0.661503
0.661468
0.661432
0.661397
0.661361
0.661326
0.66129
0.661254
0.661219
0.661183
0.661147
0.661111
0.661075
0.661039
0.661002
0.660966
0.66093
0.660893
0.660857
0.660821
0.660784
0.660747
0.660711
0.660674
0.660637
0.6606
0.660563
0.660526
0.660489
0.660452
0.660415
0.660378
0.66034
0.660303
0.660265
0.660228
0.66019
0.660153
0.660115
0.660077
0.660039
0.660002
0.659964
0.659926
0.659887
0.659849
0.659811
0.659773
0.659735
0.659696
0.659658
0.659619
0.659581
0.659542
0.659503
0.659465
0.659426
0.659387
0.659348
0.659309
0.65927
0.659231
0.659192
0.659152
0.659113
0.659074
0.659034
0.658995
0.658955
0.658916
0.658876
0.658836
0.658797
0.658757
0.658717
0.658677
0.658637
0.658597
0.658557
0.658516
0.658476
0.658436
0.658395
0.658355
0.658315
0.658274
0.658233
0.658193
0.658152
0.658111
0.65807
0.658029
0.657988
0.657947
0.657906
0.657865
0.657824
0.657783
0.657741
0.6577
0.657658
0.657617
0.657575
0.657534
0.657492
0.65745
0.657409
0.657367
0.657325
0.657283
0.657241
0.657199
0.657157
0.657114
0.657072
0.65703
0.656987
0.656945
0.656903
0.65686
0.656817
0.656775
0.656732
0.656689
0.656646
0.656604
0.656561
0.656518
0.656474
0.656431
0.656388
0.656345
0.656302
0.656258
0.656215
0.656171
0.656128
0.656084
0.656041
0.655997
0.655953
0.65591
0.655866
0.655822
0.655778
0.655734
0.65569
0.655646
0.655601
0.655557
0.655513
0.655468
0.655424
0.65538
0.655335
0.65529
0.655246
0.655201
0.655156
0.655112
0.655067
0.655022
0.654977
0.654932
0.654887
0.654842
0.654796
0.654751
0.654706
0.654661
0.654615
0.65457
0.654524
0.654479
0.654433
0.654387
0.654342
0.654296
0.65425
0.654204
0.654158
0.654112
0.654066
0.65402
0.653974
0.653928
0.653881
0.653835
0.653789
0.653742
0.653696
0.653649
0.653603
0.653556
0.653509
0.653463
0.653416
0.653369
0.653322
0.653275
0.653228
0.653181
0.653134
0.653087
0.653039
0.652992
0.652945
0.652897
0.65285
0.652802
0.652755
0.652707
0.65266
0.652612
0.652564
0.652516
0.652469
0.652421
0.652373
0.652325
0.652277
0.652228
0.65218
0.652132
0.652084
0.652035
0.651987
0.651939
0.65189
0.651842
0.651793
0.651744
0.651696
0.651647
0.651598
0.651549
0.6515
0.651452
0.651403
0.651353
0.651304
0.651255
0.651206
0.651157
0.651107
0.651058
0.651009
0.650959
0.65091
0.65086
0.650811
0.650761
0.650711
0.650662
0.650612
0.650562
0.650512
0.650462
0.650412
0.650362
0.650312
0.650262
0.650211
0.650161
0.650111
0.650061
0.65001
0.64996
0.649909
0.649859
0.649808
0.649757
0.649707
0.649656
0.649605
0.649554
0.649503
0.649452
0.649401
0.64935
0.649299
0.649248
0.649197
0.649146
0.649095
0.649043
0.648992
0.64894
0.648889
0.648837
0.648786
0.648734
0.648682
0.648631
0.648579
0.648527
0.648475
0.648423
0.648371
0.648319
0.648267
0.648215
0.648163
0.648111
0.648059
0.648006
0.647954
0.647902
0.647849
0.647797
0.647744
0.647691
0.647639
0.647586
0.647533
0.647481
0.647428
0.647375
0.647322
0.647269
0.647216
0.647163
0.64711
0.647057
0.647004
0.64695
0.646897
0.646844
0.64679
0.646737
0.646683
0.64663
0.646576
0.646523
0.646469
0.646415
0.646362
0.646308
0.646254
0.6462
0.646146
0.646092
0.646038
0.645984
0.64593
0.645876
0.645821
0.645767
0.645713
0.645659
0.645604
0.64555
0.645495
0.645441
0.645386
0.645331
0.645277
0.645222
0.645167
0.645113
0.645058
0.645003
0.644948
0.644893
0.644838
0.644783
0.644728
0.644672
0.644617
0.644562
0.644507
0.644451
0.644396
0.64434
0.644285
0.644229
0.644174
0.644118
0.644063
0.644007
0.643951
0.643895
0.64384
0.643784
0.643728
0.643672
0.643616
0.64356
0.643504
0.643447
0.643391
0.643335
0.643279
0.643222
0.643166
0.64311
0.643053
0.642997
0.64294
0.642884
0.642827
0.64277
0.642714
0.642657
0.6426
0.642543
0.642486
0.642429
0.642372
0.642315
0.642258
0.642201
0.642144
0.642087
0.64203
0.641972
0.641915
0.641858
0.6418
0.641743
0.641686
0.641628
0.64157
0.641513
0.641455
0.641397
0.64134
0.641282
0.641224
0.641166
0.641108
0.64105
0.640992
0.640934
0.640876
0.640818
0.64076
0.640702
0.640644
0.640585
0.640527
0.640469
0.64041
0.640352
0.640293
0.640235
0.640176
0.640118
0.640059
0.64
0.639941
0.639883
0.639824
0.639765
0.639706
0.639647
0.639588
0.639529
0.63947
0.639411
0.639352
0.639293
0.639233
0.639174
0.639115
0.639055
0.638996
0.638937
0.638877
0.638818
0.638758
0.638698
0.638639
0.638579
0.638519
0.63846
0.6384
0.63834
0.63828
0.63822
0.63816
0.6381
0.63804
0.63798
0.63792
0.63786
0.6378
0.637739
0.637679
0.637619
0.637558
0.637498
0.637438
0.637377
0.637317
0.637256
0.637195
0.637135
0.637074
0.637013
0.636953
0.636892
0.636831
0.63677
0.636709
0.636648
0.636587
0.636526
0.636465
0.636404
0.636343
0.636282
0.636221
0.636159
0.636098
0.636037
0.635975
0.635914
0.635853
0.635791
0.635729
0.635668
0.635606
0.635545
0.635483
0.635421
0.63536
0.635298
0.635236
0.635174
0.635112
0.63505
0.634988
0.634926
0.634864
0.634802
0.63474
0.634678
0.634615
0.634553
0.634491
0.634429
0.634366
0.634304
0.634241
0.634179
0.634116
0.634054
0.633991
0.633929
0.633866
0.633803
0.63374
0.633678
0.633615
0.633552
0.633489
0.633426
0.633363
0.6333
0.633237
0.633174
0.633111
0.633048
0.632985
0.632921
0.632858
0.632795
0.632732
0.632668
0.632605
0.632541
0.632478
0.632414
0.632351
0.632287
0.632224
0.63216
0.632096
0.632032
0.631969
0.631905
0.631841
0.631777
0.631713
0.631649
0.631585
0.631521
0.631457
0.631393
0.631329
0.631265
0.631201
0.631136
0.631072
0.631008
0.630943
0.630879
0.630815
0.63075
0.630686
0.630621
0.630557
0.630492
0.630427
0.630363
0.630298
0.630233
0.630169
0.630104
0.630039
0.629974
0.629909
0.629844
0.629779
0.629714
0.629649
0.629584
0.629519
0.629454
0.629389
0.629323
0.629258
0.629193
0.629127
0.629062
0.628997
0.628931
0.628866
0.6288
0.628735
0.628669
0.628604
0.628538
0.628472
0.628407
0.628341
0.628275
0.628209
0.628143
0.628077
0.628012
0.627946
0.62788
0.627814
0.627748
0.627681
0.627615
0.627549
0.627483
0.627417
0.627351
0.627284
0.627218
0.627152
0.627085
0.627019
0.626952
0.626886
0.626819
0.626753
0.626686
0.62662
0.626553
0.626486
0.626419
0.626353
0.626286
0.626219
0.626152
0.626085
0.626018
0.625951
0.625884
0.625817
0.62575
0.625683
0.625616
0.625549
0.625482
0.625415
0.625347
0.62528
0.625213
0.625145
0.625078
0.625011
0.624943
0.624876
0.624808
0.624741
0.624673
0.624605
0.624538
0.62447
0.624402
0.624335
0.624267
0.624199
0.624131
0.624063
0.623995
0.623928
0.62386
0.623792
0.623724
0.623656
0.623587
0.623519
0.623451
0.623383
0.623315
0.623246
0.623178
0.62311
0.623042
0.622973
0.622905
0.622836
0.622768
0.622699
0.622631
0.622562
0.622494
0.622425
0.622356
0.622288
0.622219
0.62215
0.622081
0.622013
0.621944
0.621875
0.621806
0.621737
0.621668
0.621599
0.62153
0.621461
0.621392
0.621323
0.621253
0.621184
0.621115
0.621046
0.620977
0.620907
0.620838
0.620769
0.620699
0.62063
0.62056
0.620491
0.620421
0.620352
0.620282
0.620212
0.620143
0.620073
0.620003
0.619934
0.619864
0.619794
0.619724
0.619654
0.619584
0.619515
0.619445
0.619375
0.619305
0.619235
0.619165
0.619094
0.619024
0.618954
0.618884
0.618814
0.618743
0.618673
0.618603
0.618533
0.618462
0.618392
0.618321
0.618251
0.61818
0.61811
0.618039
0.617969
0.617898
0.617828
0.617757
0.617686
0.617615
0.617545
0.617474
0.617403
0.617332
0.617261
0.61719
0.61712
0.617049
0.616978
0.616907
0.616836
0.616764
0.616693
0.616622
0.616551
0.61648
0.616409
0.616337
0.616266
0.616195
0.616124
0.616052
0.615981
0.615909
0.615838
0.615766
0.615695
0.615623
0.615552
0.61548
0.615409
0.615337
0.615265
0.615194
0.615122
0.61505
0.614978
0.614907
0.614835
0.614763
0.614691
0.614619
0.614547
0.614475
0.614403
0.614331
0.614259
0.614187
0.614115
0.614043
0.61397
0.613898
0.613826
0.613754
0.613681
0.613609
0.613537
0.613464
0.613392
0.61332
0.613247
0.613175
0.613102
0.61303
0.612957
0.612884
0.612812
0.612739
0.612666
0.612594
0.612521
0.612448
0.612375
0.612303
0.61223
0.612157
0.612084
0.612011
0.611938
0.611865
0.611792
0.611719
0.611646
0.611573
0.6115
0.611427
0.611354
0.61128
0.611207
0.611134
0.611061
0.610987
0.610914
0.610841
0.610767
0.610694
0.610621
0.610547
0.610474
0.6104
0.610327
0.610253
0.610179
0.610106
0.610032
0.609958
0.609885
0.609811
0.609737
0.609664
0.60959
0.609516
0.609442
0.609368
0.609294
0.60922
0.609146
0.609072
0.608998
0.608924
0.60885
0.608776
0.608702
0.608628
0.608554
0.60848
0.608405
0.608331
0.608257
0.608183
0.608108
0.608034
0.60796
0.607885
0.607811
0.607736
0.607662
0.607587
0.607513
0.607438
0.607364
0.607289
0.607214
0.60714
0.607065
0.60699
0.606916
0.606841
0.606766
0.606691
0.606617
0.606542
0.606467
0.606392
0.606317
0.606242
0.606167
0.606092
0.606017
0.605942
0.605867
0.605792
0.605717
0.605642
0.605566
0.605491
0.605416
0.605341
0.605265
0.60519
0.605115
0.605039
0.604964
0.604889
0.604813
0.604738
0.604662
0.604587
0.604511
0.604436
0.60436
0.604285
0.604209
0.604133
0.604058
0.603982
0.603906
0.60383
0.603755
0.603679
0.603603
0.603527
0.603451
0.603376
0.6033
0.603224
0.603148
0.603072
0.602996
0.60292
0.602844
0.602768
0.602691
0.602615
0.602539
0.602463
0.602387
0.602311
0.602234
0.602158
0.602082
0.602005
0.601929
0.601853
0.601776
0.6017
0.601624
0.601547
0.601471
0.601394
0.601318
0.601241
0.601164
0.601088
0.601011
0.600935
0.600858
0.600781
0.600704
0.600628
0.600551
0.600474
0.600397
0.600321
0.600244
0.600167
0.60009
0.600013
0.599936
0.599859
0.599782
0.599705
0.599628
0.599551
0.599474
0.599397
0.59932
0.599242
0.599165
0.599088
0.599011
0.598934
0.598856
0.598779
0.598702
0.598624
0.598547
0.59847
0.598392
0.598315
0.598237
0.59816
0.598082
0.598005
0.597927
0.59785
0.597772
0.597695
0.597617
0.597539
0.597462
0.597384
0.597306
0.597228
0.597151
0.597073
0.596995
0.596917
0.596839
0.596762
0.596684
0.596606
0.596528
0.59645
0.596372
0.596294
0.596216
0.596138
0.59606
0.595982
0.595904
0.595825
0.595747
0.595669
0.595591
0.595513
0.595434
0.595356
0.595278
0.595199
0.595121
0.595043
0.594964
0.594886
0.594808
0.594729
0.594651
0.594572
0.594494
0.594415
0.594337
0.594258
0.594179
0.594101
0.594022
0.593944
0.593865
0.593786
0.593707
0.593629
0.59355
0.593471
0.593392
0.593314
0.593235
0.593156
0.593077
0.592998
0.592919
0.59284
0.592761
0.592682
0.592603
0.592524
0.592445
0.592366
0.592287
0.592208
0.592129
0.592049
0.59197
0.591891
0.591812
0.591733
0.591653
0.591574
0.591495
0.591415
0.591336
0.591257
0.591177
0.591098
0.591018
0.590939
0.590859
0.59078
0.5907
0.590621
0.590541
0.590462
0.590382
0.590303
0.590223
0.590143
0.590064
0.589984
0.589904
0.589824
0.589745
0.589665
0.589585
0.589505
0.589425
0.589346
0.589266
0.589186
0.589106
0.589026
0.588946
0.588866
0.588786
0.588706
0.588626
0.588546
0.588466
0.588386
0.588306
0.588225
0.588145
0.588065
0.587985
0.587905
0.587824
0.587744
0.587664
0.587584
0.587503
0.587423
0.587343
0.587262
0.587182
0.587101
0.587021
0.586941
0.58686
0.58678
0.586699
0.586618
0.586538
0.586457
0.586377
0.586296
0.586216
0.586135
0.586054
0.585974
0.585893
0.585812
0.585731
0.585651
0.58557
0.585489
0.585408
0.585327
0.585246
0.585166
0.585085
0.585004
0.584923
0.584842
0.584761
0.58468
0.584599
0.584518
0.584437
0.584356
0.584275
0.584194
0.584112
0.584031
0.58395
0.583869
0.583788
0.583706
0.583625
0.583544
0.583463
0.583381
0.5833
0.583219
0.583137
0.583056
0.582975
0.582893
0.582812
0.58273
0.582649
0.582567
0.582486
0.582404
0.582323
0.582241
0.58216
0.582078
0.581996
0.581915
0.581833
0.581752
0.58167
0.581588
0.581506
0.581425
0.581343
0.581261
0.581179
0.581098
0.581016
0.580934
0.580852
0.58077
0.580688
0.580606
0.580524
0.580442
0.58036
0.580278
0.580196
0.580114
0.580032
0.57995
0.579868
0.579786
0.579704
0.579622
0.57954
0.579457
0.579375
0.579293
0.579211
0.579129
0.579046
0.578964
0.578882
0.578799
0.578717
0.578635
0.578552
0.57847
0.578388
0.578305
0.578223
0.57814
0.578058
0.577975
0.577893
0.57781
0.577728
0.577645
0.577563
0.57748
0.577397
0.577315
0.577232
0.577149
0.577067
0.576984
0.576901
0.576819
0.576736
0.576653
0.57657
0.576487
0.576405
0.576322
0.576239
0.576156
0.576073
0.57599
0.575907
0.575824
0.575741
0.575658
0.575575
0.575492
0.575409
0.575326
0.575243
0.57516
0.575077
0.574994
0.574911
0.574828
0.574745
0.574661
0.574578
0.574495
0.574412
0.574329
0.574245
0.574162
0.574079
0.573995
0.573912
0.573829
0.573745
0.573662
0.573579
0.573495
0.573412
0.573328
0.573245
0.573161
0.573078
0.572994
0.572911
0.572827
0.572744
0.57266
0.572577
0.572493
0.572409
0.572326
0.572242
0.572158
0.572075
0.571991
0.571907
0.571823
0.57174
0.571656
0.571572
0.571488
0.571404
0.571321
0.571237
0.571153
0.571069
0.570985
0.570901
0.570817
0.570733
0.570649
0.570565
0.570481
0.570397
0.570313
0.570229
0.570145
0.570061
0.569977
0.569893
0.569809
0.569725
0.56964
0.569556
0.569472
0.569388
0.569304
0.569219
0.569135
0.569051
0.568967
0.568882
0.568798
0.568714
0.568629
0.568545
0.568461
0.568376
0.568292
0.568207
0.568123
0.568038
0.567954
0.56787
0.567785
0.5677
0.567616
0.567531
0.567447
0.567362
0.567278
0.567193
0.567108
0.567024
0.566939
0.566854
0.56677
0.566685
0.5666
0.566516
0.566431
0.566346
0.566261
0.566177
0.566092
0.566007
0.565922
0.565837
0.565752
0.565667
0.565583
0.565498
0.565413
0.565328
0.565243
0.565158
0.565073
0.564988
0.564903
0.564818
0.564733
0.564648
0.564563
0.564477
0.564392
0.564307
0.564222
0.564137
0.564052
0.563967
0.563881
0.563796
0.563711
0.563626
0.56354
0.563455
0.56337
0.563285
0.563199
0.563114
0.563029
0.562943
0.562858
0.562772
0.562687
0.562602
0.562516
0.562431
0.562345
0.56226
0.562174
0.562089
0.562003
0.561918
0.561832
0.561747
0.561661
0.561575
0.56149
0.561404
0.561318
0.561233
0.561147
0.561061
0.560976
0.56089
0.560804
0.560719
0.560633
0.560547
0.560461
0.560376
0.56029
0.560204
0.560118
0.560032
0.559946
0.55986
0.559775
0.559689
0.559603
0.559517
0.559431
0.559345
0.559259
0.559173
0.559087
0.559001
0.558915
0.558829
0.558743
0.558657
0.558571
0.558484
0.558398
0.558312
0.558226
0.55814
0.558054
0.557968
0.557881
0.557795
0.557709
0.557623
0.557536
0.55745
0.557364
0.557278
0.557191
0.557105
0.557019
0.556932
0.556846
0.556759
0.556673
0.556587
0.5565
0.556414
0.556327
0.556241
0.556154
0.556068
0.555981
0.555895
0.555808
0.555722
0.555635
0.555549
0.555462
0.555376
0.555289
0.555202
0.555116
0.555029
0.554942
0.554856
0.554769
0.554682
0.554596
0.554509
0.554422
0.554335
0.554249
0.554162
0.554075
0.553988
0.553901
0.553815
0.553728
0.553641
0.553554
0.553467
0.55338
0.553293
0.553206
0.553119
0.553032
0.552945
0.552858
0.552771
0.552684
0.552597
0.55251
0.552423
0.552336
0.552249
0.552162
0.552075
0.551988
0.551901
0.551814
0.551727
0.551639
0.551552
0.551465
0.551378
0.551291
0.551203
0.551116
0.551029
0.550942
0.550854
0.550767
0.55068
0.550592
0.550505
0.550418
0.55033
0.550243
0.550156
0.550068
0.549981
0.549893
0.549806
0.549719
0.549631
0.549544
0.549456
0.549369
0.549281
0.549194
0.549106
0.549019
0.548931
0.548844
0.548756
0.548668
0.548581
0.548493
0.548405
0.548318
0.54823
0.548143
0.548055
0.547967
0.547879
0.547792
0.547704
0.547616
0.547529
0.547441
0.547353
0.547265
0.547177
0.54709
0.547002
0.546914
0.546826
0.546738
0.54665
0.546562
0.546475
0.546387
0.546299
0.546211
0.546123
0.546035
0.545947
0.545859
0.545771
0.545683
0.545595
0.545507
0.545419
0.545331
0.545243
0.545155
0.545067
0.544978
0.54489
0.544802
0.544714
0.544626
0.544538
0.54445
0.544361
0.544273
0.544185
0.544097
0.544009
0.54392
0.543832
0.543744
0.543656
0.543567
0.543479
0.543391
0.543302
0.543214
0.543126
0.543037
0.542949
0.542861
0.542772
0.542684
0.542595
0.542507
0.542418
0.54233
0.542242
0.542153
0.542065
0.541976
0.541888
0.541799
0.54171
0.541622
0.541533
0.541445
0.541356
0.541268
0.541179
0.54109
0.541002
0.540913
0.540825
0.540736
0.540647
0.540559
0.54047
0.540381
0.540292
0.540204
0.540115
0.540026
0.539937
0.539849
0.53976
0.539671
0.539582
0.539493
0.539405
0.539316
0.539227
0.539138
0.539049
0.53896
0.538871
0.538783
0.538694
0.538605
0.538516
0.538427
0.538338
0.538249
0.53816
0.538071
0.537982
0.537893
0.537804
0.537715
0.537626
0.537537
0.537448
0.537359
0.537269
0.53718
0.537091
0.537002
0.536913
0.536824
0.536735
0.536645
0.536556
0.536467
0.536378
0.536289
0.536199
0.53611
0.536021
0.535932
0.535842
0.535753
0.535664
0.535575
0.535485
0.535396
0.535307
0.535217
0.535128
0.535039
0.534949
0.53486
0.53477
0.534681
0.534592
0.534502
0.534413
0.534323
0.534234
0.534144
0.534055
0.533965
0.533876
0.533786
0.533697
0.533607
0.533518
0.533428
0.533339
0.533249
0.53316
0.53307
0.53298
0.532891
0.532801
0.532711
0.532622
0.532532
0.532442
0.532353
0.532263
0.532173
0.532084
0.531994
0.531904
0.531815
0.531725
0.531635
0.531545
0.531455
0.531366
0.531276
0.531186
0.531096
0.531006
0.530917
0.530827
0.530737
0.530647
0.530557
0.530467
0.530377
0.530287
0.530197
0.530108
0.530018
0.529928
0.529838
0.529748
0.529658
0.529568
0.529478
0.529388
0.529298
0.529208
0.529118
0.529028
0.528938
0.528847
0.528757
0.528667
0.528577
0.528487
0.528397
0.528307
0.528217
0.528127
0.528036
0.527946
0.527856
0.527766
0.527676
0.527585
0.527495
0.527405
0.527315
0.527224
0.527134
0.527044
0.526954
0.526863
0.526773
0.526683
0.526592
0.526502
0.526412
0.526321
0.526231
0.526141
0.52605
0.52596
0.52587
0.525779
0.525689
0.525598
0.525508
0.525417
0.525327
0.525237
0.525146
0.525056
0.524965
0.524875
0.524784
0.524694
0.524603
0.524513
0.524422
0.524331
0.524241
0.52415
0.52406
0.523969
0.523878
0.523788
0.523697
0.523607
0.523516
0.523425
0.523335
0.523244
0.523153
0.523063
0.522972
0.522881
0.52279
0.5227
0.522609
0.522518
0.522428
0.522337
0.522246
0.522155
0.522064
0.521974
0.521883
0.521792
0.521701
0.52161
0.52152
0.521429
0.521338
0.521247
0.521156
0.521065
0.520974
0.520883
0.520792
0.520701
0.520611
0.52052
0.520429
0.520338
0.520247
0.520156
0.520065
0.519974
0.519883
0.519792
0.519701
0.51961
0.519519
0.519428
0.519336
0.519245
0.519154
0.519063
0.518972
0.518881
0.51879
0.518699
0.518608
0.518517
0.518425
0.518334
0.518243
0.518152
0.518061
0.517969
0.517878
0.517787
0.517696
0.517605
0.517513
0.517422
0.517331
0.51724
0.517148
0.517057
0.516966
0.516874
0.516783
0.516692
0.516601
0.516509
0.516418
0.516326
0.516235
0.516144
0.516052
0.515961
0.51587
0.515778
0.515687
0.515595
0.515504
0.515412
0.515321
0.51523
0.515138
0.515047
0.514955
0.514864
0.514772
0.514681
0.514589
0.514498
0.514406
0.514315
0.514223
0.514131
0.51404
0.513948
0.513857
0.513765
0.513674
0.513582
0.51349
0.513399
0.513307
0.513215
0.513124
0.513032
0.51294
0.512849
0.512757
0.512665
0.512574
0.512482
0.51239
0.512299
0.512207
0.512115
0.512023
0.511932
0.51184
0.511748
0.511656
0.511564
0.511473
0.511381
0.511289
0.511197
0.511105
0.511013
0.510922
0.51083
0.510738
0.510646
0.510554
0.510462
0.51037
0.510278
0.510187
0.510095
0.510003
0.509911
0.509819
0.509727
0.509635
0.509543
0.509451
0.509359
0.509267
0.509175
0.509083
0.508991
0.508899
0.508807
0.508715
0.508623
0.508531
0.508439
0.508347
0.508255
0.508162
0.50807
0.507978
0.507886
0.507794
0.507702
0.50761
0.507518
0.507425
0.507333
0.507241
0.507149
0.507057
0.506965
0.506872
0.50678
0.506688
0.506596
0.506503
0.506411
0.506319
0.506227
0.506134
0.506042
0.50595
0.505858
0.505765
0.505673
0.505581
0.505488
0.505396
0.505304
0.505211
0.505119
0.505027
0.504934
0.504842
0.50475
0.504657
0.504565
0.504472
0.50438
0.504288
0.504195
0.504103
0.50401
0.503918
0.503825
0.503733
0.503641
0.503548
0.503456
0.503363
0.503271
0.503178
0.503086
0.502993
0.5029
0.502808
0.502715
0.502623
0.50253
0.502438
0.502345
0.502253
0.50216
0.502067
0.501975
0.501882
0.50179
0.501697
0.501604
0.501512
0.501419
0.501326
0.501234
0.501141
0.501048
0.500956
0.500863
0.50077
0.500678
0.500585
0.500492
0.500399
0.500307
0.500214
0.500121
0.500028
0.499936
0.499843
0.49975
0.499657
0.499565
0.499472
0.499379
0.499286
0.499193
0.4991
0.499008
0.498915
0.498822
0.498729
0.498636
0.498543
0.49845
0.498358
0.498265
0.498172
0.498079
0.497986
0.497893
0.4978
0.497707
0.497614
0.497521
0.497428
0.497335
0.497242
0.497149
0.497056
0.496963
0.49687
0.496777
0.496684
0.496591
0.496498
0.496405
0.496312
0.496219
0.496126
0.496033
0.49594
0.495847
0.495754
0.495661
0.495568
0.495475
0.495382
0.495288
0.495195
0.495102
0.495009
0.494916
0.494823
0.49473
0.494636
0.494543
0.49445
0.494357
0.494264
0.49417
0.494077
0.493984
0.493891
0.493798
0.493704
0.493611
0.493518
0.493425
0.493331
0.493238
0.493145
0.493052
0.492958
0.492865
0.492772
0.492678
0.492585
0.492492
0.492398
0.492305
0.492212
0.492118
0.492025
0.491932
0.491838
0.491745
0.491652
0.491558
0.491465
0.491371
0.491278
0.491185
0.491091
0.490998
0.490904
0.490811
0.490717
0.490624
0.49053
0.490437
0.490344
0.49025
0.490157
0.490063
0.48997
0.489876
0.489783
0.489689
0.489596
0.489502
0.489408
0.489315
0.489221
0.489128
0.489034
0.488941
0.488847
0.488754
0.48866
0.488566
0.488473
0.488379
0.488286
0.488192
0.488098
0.488005
0.487911
0.487817
0.487724
0.48763
0.487536
0.487443
0.487349
0.487255
0.487162
0.487068
0.486974
0.486881
0.486787
0.486693
0.486599
0.486506
0.486412
0.486318
0.486224
0.486131
0.486037
0.485943
0.485849
0.485756
0.485662
0.485568
0.485474
0.48538
0.485286
0.485193
0.485099
0.485005
0.484911
0.484817
0.484723
0.48463
0.484536
0.484442
0.484348
0.484254
0.48416
0.484066
0.483972
0.483879
0.483785
0.483691
0.483597
0.483503
0.483409
0.483315
0.483221
0.483127
0.483033
0.482939
0.482845
0.482751
0.482657
0.482563
0.482469
0.482375
0.482281
0.482187
0.482093
0.481999
0.481905
0.481811
0.481717
0.481623
0.481529
0.481435
0.481341
0.481247
0.481153
0.481058
0.480964
0.48087
0.480776
0.480682
0.480588
0.480494
0.4804
0.480306
0.480211
0.480117
0.480023
0.479929
0.479835
0.479741
0.479646
0.479552
0.479458
0.479364
0.47927
0.479175
0.479081
0.478987
0.478893
0.478799
0.478704
0.47861
0.478516
0.478422
0.478327
0.478233
0.478139
0.478045
0.47795
0.477856
0.477762
0.477667
0.477573
0.477479
0.477384
0.47729
0.477196
0.477101
0.477007
0.476913
0.476818
0.476724
0.47663
0.476535
0.476441
0.476347
0.476252
0.476158
0.476063
0.475969
0.475875
0.47578
0.475686
0.475591
0.475497
0.475403
0.475308
0.475214
0.475119
0.475025
0.47493
0.474836
0.474741
0.474647
0.474552
0.474458
0.474363
0.474269
0.474174
0.47408
0.473985
0.473891
0.473796
0.473702
0.473607
0.473513
0.473418
0.473324
0.473229
0.473134
0.47304
0.472945
0.472851
0.472756
0.472662
0.472567
0.472472
0.472378
0.472283
0.472189
0.472094
0.471999
0.471905
0.47181
0.471715
0.471621
0.471526
0.471431
0.471337
0.471242
0.471147
0.471053
0.470958
0.470863
0.470769
0.470674
0.470579
0.470484
0.47039
0.470295
0.4702
0.470106
0.470011
0.469916
0.469821
0.469727
0.469632
0.469537
0.469442
0.469347
0.469253
0.469158
0.469063
0.468968
0.468874
0.468779
0.468684
0.468589
0.468494
0.468399
0.468305
0.46821
0.468115
0.46802
0.467925
0.46783
0.467735
0.467641
0.467546
0.467451
0.467356
0.467261
0.467166
0.467071
0.466976
0.466881
0.466787
0.466692
0.466597
0.466502
0.466407
0.466312
0.466217
0.466122
0.466027
0.465932
0.465837
0.465742
0.465647
0.465552
0.465457
0.465362
0.465267
0.465172
0.465077
0.464982
0.464887
0.464792
0.464697
0.464602
0.464507
0.464412
0.464317
0.464222
0.464127
0.464032
0.463937
0.463842
0.463746
0.463651
0.463556
0.463461
0.463366
0.463271
0.463176
0.463081
0.462986
0.462891
0.462795
0.4627
0.462605
0.46251
0.462415
0.46232
0.462225
0.462129
0.462034
0.461939
0.461844
0.461749
0.461654
0.461558
0.461463
0.461368
0.461273
0.461178
0.461082
0.460987
0.460892
0.460797
0.460701
0.460606
0.460511
0.460416
0.46032
0.460225
0.46013
0.460035
0.459939
0.459844
0.459749
0.459654
0.459558
0.459463
0.459368
0.459272
0.459177
0.459082
0.458986
0.458891
0.458796
0.4587
0.458605
0.45851
0.458414
0.458319
0.458224
0.458128
0.458033
0.457938
0.457842
0.457747
0.457651
0.457556
0.457461
0.457365
0.45727
0.457174
0.457079
0.456984
0.456888
0.456793
0.456697
0.456602
0.456506
0.456411
0.456316
0.45622
0.456125
0.456029
0.455934
0.455838
0.455743
0.455647
0.455552
0.455456
0.455361
0.455265
0.45517
0.455074
0.454979
0.454883
0.454788
0.454692
0.454597
0.454501
0.454406
0.45431
0.454215
0.454119
0.454024
0.453928
0.453832
0.453737
0.453641
0.453546
0.45345
0.453354
0.453259
0.453163
0.453068
0.452972
0.452876
0.452781
0.452685
0.45259
0.452494
0.452398
0.452303
0.452207
0.452111
0.452016
0.45192
0.451824
0.451729
0.451633
0.451538
0.451442
0.451346
0.45125
0.451155
0.451059
0.450963
0.450868
0.450772
0.450676
0.450581
0.450485
0.450389
0.450293
0.450198
0.450102
0.450006
0.44991
0.449815
0.449719
0.449623
0.449527
0.449432
0.449336
0.44924
0.449144
0.449049
0.448953
0.448857
0.448761
0.448665
0.44857
0.448474
0.448378
0.448282
0.448186
0.448091
0.447995
0.447899
0.447803
0.447707
0.447611
0.447515
0.44742
0.447324
0.447228
0.447132
0.447036
0.44694
0.446844
0.446749
0.446653
0.446557
0.446461
0.446365
0.446269
0.446173
0.446077
0.445981
0.445885
0.44579
0.445694
0.445598
0.445502
0.445406
0.44531
0.445214
0.445118
0.445022
0.444926
0.44483
0.444734
0.444638
0.444542
0.444446
0.44435
0.444254
0.444158
0.444062
0.443966
0.44387
0.443774
0.443678
0.443582
0.443486
0.44339
0.443294
0.443198
0.443102
0.443006
0.44291
0.442814
0.442718
0.442622
0.442526
0.44243
0.442334
0.442238
0.442141
0.442045
0.441949
0.441853
0.441757
0.441661
0.441565
0.441469
0.441373
0.441277
0.441181
0.441084
0.440988
0.440892
0.440796
0.4407
0.440604
0.440508
0.440411
0.440315
0.440219
0.440123
0.440027
0.439931
0.439835
0.439738
0.439642
0.439546
0.43945
0.439354
0.439257
0.439161
0.439065
0.438969
0.438873
0.438776
0.43868
0.438584
0.438488
0.438392
0.438295
0.438199
0.438103
0.438007
0.43791
0.437814
0.437718
0.437622
0.437525
0.437429
0.437333
0.437237
0.43714
0.437044
0.436948
0.436851
0.436755
0.436659
0.436563
0.436466
0.43637
0.436274
0.436177
0.436081
0.435985
0.435888
0.435792
0.435696
0.435599
0.435503
0.435407
0.43531
0.435214
0.435118
0.435021
0.434925
0.434829
0.434732
0.434636
0.434539
0.434443
0.434347
0.43425
0.434154
0.434058
0.433961
0.433865
0.433768
0.433672
0.433576
0.433479
0.433383
0.433286
0.43319
0.433093
0.432997
0.432901
0.432804
0.432708
0.432611
0.432515
0.432418
0.432322
0.432225
0.432129
0.432032
0.431936
0.43184
0.431743
0.431647
0.43155
0.431454
0.431357
0.431261
0.431164
0.431068
0.430971
0.430875
0.430778
0.430682
0.430585
0.430489
0.430392
0.430295
0.430199
0.430102
0.430006
0.429909
0.429813
0.429716
0.42962
0.429523
0.429427
0.42933
0.429233
0.429137
0.42904
0.428944
0.428847
0.428751
0.428654
0.428557
0.428461
0.428364
0.428268
0.428171
0.428074
0.427978
0.427881
0.427785
0.427688
0.427591
0.427495
0.427398
0.427301
0.427205
0.427108
0.427011
0.426915
0.426818
0.426721
0.426625
0.426528
0.426431
0.426335
0.426238
0.426141
0.426045
0.425948
0.425851
0.425755
0.425658
0.425561
0.425465
0.425368
0.425271
0.425175
0.425078
0.424981
0.424884
0.424788
0.424691
0.424594
0.424497
0.424401
0.424304
0.424207
0.424111
0.424014
0.423917
0.42382
0.423723
0.423627
0.42353
0.423433
0.423336
0.42324
0.423143
0.423046
0.422949
0.422853
0.422756
0.422659
0.422562
0.422465
0.422369
0.422272
0.422175
0.422078
0.421981
0.421884
0.421788
0.421691
0.421594
0.421497
0.4214
0.421303
0.421207
0.42111
0.421013
0.420916
0.420819
0.420722
0.420626
0.420529
0.420432
0.420335
0.420238
0.420141
0.420044
0.419947
0.419851
0.419754
0.419657
0.41956
0.419463
0.419366
0.419269
0.419172
0.419075
0.418978
0.418882
0.418785
0.418688
0.418591
0.418494
0.418397
0.4183
0.418203
0.418106
0.418009
0.417912
0.417815
0.417718
0.417621
0.417524
0.417427
0.41733
0.417233
0.417136
0.41704
0.416943
0.416846
0.416749
0.416652
0.416555
0.416458
0.416361
0.416264
0.416167
0.41607
0.415973
0.415876
0.415779
0.415682
0.415585
0.415488
0.41539
0.415293
0.415196
0.415099
0.415002
0.414905
0.414808
0.414711
0.414614
0.414517
0.41442
0.414323
0.414226
0.414129
0.414032
0.413935
0.413838
0.413741
0.413644
0.413546
0.413449
0.413352
0.413255
0.413158
0.413061
0.412964
0.412867
0.41277
0.412673
0.412575
0.412478
0.412381
0.412284
0.412187
0.41209
0.411993
0.411896
0.411798
0.411701
0.411604
0.411507
0.41141
0.411313
0.411216
0.411118
0.411021
0.410924
0.410827
0.41073
0.410633
0.410535
0.410438
0.410341
0.410244
0.410147
0.41005
0.409952
0.409855
0.409758
0.409661
0.409564
0.409466
0.409369
0.409272
0.409175
0.409078
0.40898
0.408883
0.408786
0.408689
0.408591
0.408494
0.408397
0.4083
0.408202
0.408105
0.408008
0.407911
0.407814
0.407716
0.407619
0.407522
0.407424
0.407327
0.40723
0.407133
0.407035
0.406938
0.406841
0.406744
0.406646
0.406549
0.406452
0.406354
0.406257
0.40616
0.406063
0.405965
0.405868
0.405771
0.405673
0.405576
0.405479
0.405381
0.405284
0.405187
0.405089
0.404992
0.404895
0.404797
0.4047
0.404603
0.404505
0.404408
0.404311
0.404213
0.404116
0.404019
0.403921
0.403824
0.403727
0.403629
0.403532
0.403434
0.403337
0.40324
0.403142
0.403045
0.402948
0.40285
0.402753
0.402655
0.402558
0.402461
0.402363
0.402266
0.402168
0.402071
0.401974
0.401876
0.401779
0.401681
0.401584
0.401487
0.401389
0.401292
0.401194
0.401097
0.400999
0.400902
0.400804
0.400707
0.40061
0.400512
0.400415
0.400317
0.40022
0.400122
0.400025
0.399927
0.39983
0.399732
0.399635
0.399538
0.39944
0.399343
0.399245
0.399148
0.39905
0.398953
0.398855
0.398758
0.39866
0.398563
0.398465
0.398368
0.39827
0.398173
0.398075
0.397978
0.39788
0.397783
0.397685
0.397587
0.39749
0.397392
0.397295
0.397197
0.3971
0.397002
0.396905
0.396807
0.39671
0.396612
0.396515
0.396417
0.396319
0.396222
0.396124
0.396027
0.395929
0.395832
0.395734
0.395636
0.395539
0.395441
0.395344
0.395246
0.395149
0.395051
0.394953
0.394856
0.394758
0.394661
0.394563
0.394465
0.394368
0.39427
0.394173
0.394075
0.393977
0.39388
0.393782
0.393685
0.393587
0.393489
0.393392
0.393294
0.393196
0.393099
0.393001
0.392903
0.392806
0.392708
0.392611
0.392513
0.392415
0.392318
0.39222
0.392122
0.392025
0.391927
0.391829
0.391732
0.391634
0.391536
0.391439
0.391341
0.391243
0.391146
0.391048
0.39095
0.390852
0.390755
0.390657
0.390559
0.390462
0.390364
0.390266
0.390169
0.390071
0.389973
0.389875
0.389778
0.38968
0.389582
0.389485
0.389387
0.389289
0.389191
0.389094
0.388996
0.388898
0.3888
0.388703
0.388605
0.388507
0.388409
0.388312
0.388214
0.388116
0.388018
0.387921
0.387823
0.387725
0.387627
0.38753
0.387432
0.387334
0.387236
0.387139
0.387041
0.386943
0.386845
0.386747
0.38665
0.386552
0.386454
0.386356
0.386258
0.386161
0.386063
0.385965
0.385867
0.385769
0.385672
0.385574
0.385476
0.385378
0.38528
0.385183
0.385085
0.384987
0.384889
0.384791
0.384693
0.384596
0.384498
0.3844
0.384302
0.384204
0.384106
0.384009
0.383911
0.383813
0.383715
0.383617
0.383519
0.383421
0.383324
0.383226
0.383128
0.38303
0.382932
0.382834
0.382736
0.382638
0.382541
0.382443
0.382345
0.382247
0.382149
0.382051
0.381953
0.381855
0.381758
0.38166
0.381562
0.381464
0.381366
0.381268
0.38117
0.381072
0.380974
0.380876
0.380778
0.380681
0.380583
0.380485
0.380387
0.380289
0.380191
0.380093
0.379995
0.379897
0.379799
0.379701
0.379603
0.379505
0.379407
0.379309
0.379212
0.379114
0.379016
0.378918
0.37882
0.378722
0.378624
0.378526
0.378428
0.37833
0.378232
0.378134
0.378036
0.377938
0.37784
0.377742
0.377644
0.377546
0.377448
0.37735
0.377252
0.377154
0.377056
0.376958
0.37686
0.376762
0.376664
0.376566
0.376468
0.37637
0.376272
0.376174
0.376076
0.375978
0.37588
0.375782
0.375684
0.375586
0.375488
0.37539
0.375292
0.375194
0.375096
0.374998
0.3749
0.374802
0.374704
0.374606
0.374508
0.374409
0.374311
0.374213
0.374115
0.374017
0.373919
0.373821
0.373723
0.373625
0.373527
0.373429
0.373331
0.373233
0.373135
0.373037
0.372939
0.37284
0.372742
0.372644
0.372546
0.372448
0.37235
0.372252
0.372154
0.372056
0.371958
0.37186
0.371761
0.371663
0.371565
0.371467
0.371369
0.371271
0.371173
0.371075
0.370977
0.370878
0.37078
0.370682
0.370584
0.370486
0.370388
0.37029
0.370192
0.370093
0.369995
0.369897
0.369799
0.369701
0.369603
0.369505
0.369407
0.369308
0.36921
0.369112
0.369014
0.368916
0.368818
0.368719
0.368621
0.368523
0.368425
0.368327
0.368229
0.36813
0.368032
0.367934
0.367836
0.367738
0.36764
0.367541
0.367443
0.367345
0.367247
0.367149
0.36705
0.366952
0.366854
0.366756
0.366658
0.366559
0.366461
0.366363
0.366265
0.366167
0.366068
0.36597
0.365872
0.365774
0.365676
0.365577
0.365479
0.365381
0.365283
0.365185
0.365086
0.364988
0.36489
0.364792
0.364693
0.364595
0.364497
0.364399
0.3643
0.364202
0.364104
0.364006
0.363907
0.363809
0.363711
0.363613
0.363514
0.363416
0.363318
0.36322
0.363121
0.363023
0.362925
0.362827
0.362728
0.36263
0.362532
0.362434
0.362335
0.362237
0.362139
0.36204
0.361942
0.361844
0.361746
0.361647
0.361549
0.361451
0.361352
0.361254
0.361156
0.361058
0.360959
0.360861
0.360763
0.360664
0.360566
0.360468
0.360369
0.360271
0.360173
0.360074
0.359976
0.359878
0.35978
0.359681
0.359583
0.359485
0.359386
0.359288
0.35919
0.359091
0.358993
0.358895
0.358796
0.358698
0.3586
0.358501
0.358403
0.358305
0.358206
0.358108
0.35801
0.357911
0.357813
0.357714
0.357616
0.357518
0.357419
0.357321
0.357223
0.357124
0.357026
0.356928
0.356829
0.356731
0.356632
0.356534
0.356436
0.356337
0.356239
0.356141
0.356042
0.355944
0.355845
0.355747
0.355649
0.35555
0.355452
0.355353
0.355255
0.355157
0.355058
0.35496
0.354861
0.354763
0.354665
0.354566
0.354468
0.354369
0.354271
0.354173
0.354074
0.353976
0.353877
0.353779
0.353681
0.353582
0.353484
0.353385
0.353287
0.353188
0.35309
0.352992
0.352893
0.352795
0.352696
0.352598
0.352499
0.352401
0.352302
0.352204
0.352106
0.352007
0.351909
0.35181
0.351712
0.351613
0.351515
0.351416
0.351318
0.35122
0.351121
0.351023
0.350924
0.350826
0.350727
0.350629
0.35053
0.350432
0.350333
0.350235
0.350136
0.350038
0.349939
0.349841
0.349742
0.349644
0.349545
0.349447
0.349349
0.34925
0.349152
0.349053
0.348955
0.348856
0.348758
0.348659
0.348561
0.348462
0.348364
0.348265
0.348167
0.348068
0.34797
0.347871
0.347772
0.347674
0.347575
0.347477
0.347378
0.34728
0.347181
0.347083
0.346984
0.346886
0.346787
0.346689
0.34659
0.346492
0.346393
0.346295
0.346196
0.346098
0.345999
0.3459
0.345802
0.345703
0.345605
0.345506
0.345408
0.345309
0.345211
0.345112
0.345014
0.344915
0.344816
0.344718
0.344619
0.344521
0.344422
0.344324
0.344225
0.344126
0.344028
0.343929
0.343831
0.343732
0.343634
0.343535
0.343436
0.343338
0.343239
0.343141
0.343042
0.342944
0.342845
0.342746
0.342648
0.342549
0.342451
0.342352
0.342253
0.342155
0.342056
0.341958
0.341859
0.34176
0.341662
0.341563
0.341465
0.341366
0.341267
0.341169
0.34107
0.340972
0.340873
0.340774
0.340676
0.340577
0.340479
0.34038
0.340281
0.340183
0.340084
0.339985
0.339887
0.339788
0.33969
0.339591
0.339492
0.339394
0.339295
0.339196
0.339098
0.338999
0.3389
0.338802
0.338703
0.338604
0.338506
0.338407
0.338309
0.33821
0.338111
0.338013
0.337914
0.337815
0.337717
0.337618
0.337519
0.337421
0.337322
0.337223
0.337125
0.337026
0.336927
0.336829
0.33673
0.336631
0.336533
0.336434
0.336335
0.336237
0.336138
0.336039
0.335941
0.335842
0.335743
0.335645
0.335546
0.335447
0.335348
0.33525
0.335151
0.335052
0.334954
0.334855
0.334756
0.334658
0.334559
0.33446
0.334361
0.334263
0.334164
0.334065
0.333967
0.333868
0.333769
0.333671
0.333572
0.333473
0.333374
0.333276
0.333177
0.333078
0.33298
0.332881
0.332782
0.332683
0.332585
0.332486
0.332387
0.332288
0.33219
0.332091
0.331992
0.331893
0.331795
0.331696
0.331597
0.331499
0.3314
0.331301
0.331202
0.331104
0.331005
0.330906
0.330807
0.330709
0.33061
0.330511
0.330412
0.330314
0.330215
0.330116
0.330017
0.329919
0.32982
0.329721
0.329622
0.329523
0.329425
0.329326
0.329227
0.329128
0.32903
0.328931
0.328832
0.328733
0.328635
0.328536
0.328437
0.328338
0.328239
0.328141
0.328042
0.327943
0.327844
0.327746
0.327647
0.327548
0.327449
0.32735
0.327252
0.327153
0.327054
0.326955
0.326856
0.326758
0.326659
0.32656
0.326461
0.326362
0.326264
0.326165
0.326066
0.325967
0.325868
0.32577
0.325671
0.325572
0.325473
0.325374
0.325275
0.325177
0.325078
0.324979
0.32488
0.324781
0.324683
0.324584
0.324485
0.324386
0.324287
0.324188
0.32409
0.323991
0.323892
0.323793
0.323694
0.323595
0.323497
0.323398
0.323299
0.3232
0.323101
0.323002
0.322903
0.322805
0.322706
0.322607
0.322508
0.322409
0.32231
0.322212
0.322113
0.322014
0.321915
0.321816
0.321717
0.321618
0.32152
0.321421
0.321322
0.321223
0.321124
0.321025
0.320926
0.320827
0.320729
0.32063
0.320531
0.320432
0.320333
0.320234
0.320135
0.320036
0.319938
0.319839
0.31974
0.319641
0.319542
0.319443
0.319344
0.319245
0.319147
0.319048
0.318949
0.31885
0.318751
0.318652
0.318553
0.318454
0.318355
0.318256
0.318158
0.318059
0.31796
0.317861
0.317762
0.317663
0.317564
0.317465
0.317366
0.317267
0.317169
0.31707
0.316971
0.316872
0.316773
0.316674
0.316575
0.316476
0.316377
0.316278
0.316179
0.31608
0.315982
0.315883
0.315784
0.315685
0.315586
0.315487
0.315388
0.315289
0.31519
0.315091
0.314992
0.314893
0.314794
0.314695
0.314596
0.314498
0.314399
0.3143
0.314201
0.314102
0.314003
0.313904
0.313805
0.313706
0.313607
0.313508
0.313409
0.31331
0.313211
0.313112
0.313013
0.312914
0.312815
0.312716
0.312617
0.312519
0.31242
0.312321
0.312222
0.312123
0.312024
0.311925
0.311826
0.311727
0.311628
0.311529
0.31143
0.311331
0.311232
0.311133
0.311034
0.310935
0.310836
0.310737
0.310638
0.310539
0.31044
0.310341
0.310242
0.310143
0.310044
0.309945
0.309846
0.309747
0.309648
0.309549
0.30945
0.309351
0.309252
0.309153
0.309054
0.308955
0.308856
0.308757
0.308658
0.308559
0.30846
0.308361
0.308262
0.308163
0.308064
0.307965
0.307866
0.307767
0.307668
0.307569
0.30747
0.307371
0.307272
0.307173
0.307074
0.306975
0.306876
0.306777
0.306678
0.306579
0.30648
0.306381
0.306282
0.306183
0.306084
0.305985
0.305886
0.305787
0.305688
0.305589
0.30549
0.305391
0.305292
0.305193
0.305094
0.304995
0.304895
0.304796
0.304697
0.304598
0.304499
0.3044
0.304301
0.304202
0.304103
0.304004
0.303905
0.303806
0.303707
0.303608
0.303509
0.30341
0.303311
0.303212
0.303113
0.303014
0.302915
0.302815
0.302716
0.302617
0.302518
0.302419
0.30232
0.302221
0.302122
0.302023
0.301924
0.301825
0.301726
0.301627
0.301528
0.301429
0.301329
0.30123
0.301131
0.301032
0.300933
0.300834
0.300735
0.300636
0.300537
0.300438
0.300339
0.30024
0.300141
0.300041
0.299942
0.299843
0.299744
0.299645
0.299546
0.299447
0.299348
0.299249
0.29915
0.299051
0.298951
0.298852
0.298753
0.298654
0.298555
0.298456
0.298357
0.298258
0.298159
0.29806
0.29796
0.297861
0.297762
0.297663
0.297564
0.297465
0.297366
0.297267
0.297168
0.297068
0.296969
0.29687
0.296771
0.296672
0.296573
0.296474
0.296375
0.296276
0.296176
0.296077
0.295978
0.295879
0.29578
0.295681
0.295582
0.295483
0.295383
0.295284
0.295185
0.295086
0.294987
0.294888
0.294789
0.29469
0.29459
0.294491
0.294392
0.294293
0.294194
0.294095
0.293996
0.293896
0.293797
0.293698
0.293599
0.2935
0.293401
0.293302
0.293202
0.293103
0.293004
0.292905
0.292806
0.292707
0.292608
0.292508
0.292409
0.29231
0.292211
0.292112
0.292013
0.291913
0.291814
0.291715
0.291616
0.291517
0.291418
0.291318
0.291219
0.29112
0.291021
0.290922
0.290823
0.290723
0.290624
0.290525
0.290426
0.290327
0.290228
0.290128
0.290029
0.28993
0.289831
0.289732
0.289633
0.289533
0.289434
0.289335
0.289236
0.289137
0.289038
0.288938
0.288839
0.28874
0.288641
0.288542
0.288442
0.288343
0.288244
0.288145
0.288046
0.287946
0.287847
0.287748
0.287649
0.28755
0.287451
0.287351
0.287252
0.287153
0.287054
0.286955
0.286855
0.286756
0.286657
0.286558
0.286459
0.286359
0.28626
0.286161
0.286062
0.285963
0.285863
0.285764
0.285665
0.285566
0.285466
0.285367
0.285268
0.285169
0.28507
0.28497
0.284871
0.284772
0.284673
0.284574
0.284474
0.284375
0.284276
0.284177
0.284077
0.283978
0.283879
0.28378
0.283681
0.283581
0.283482
0.283383
0.283284
0.283184
0.283085
0.282986
0.282887
0.282787
0.282688
0.282589
0.28249
0.282391
0.282291
0.282192
0.282093
0.281994
0.281894
0.281795
0.281696
0.281597
0.281497
0.281398
0.281299
0.2812
0.2811
0.281001
0.280902
0.280803
0.280703
0.280604
0.280505
0.280406
0.280306
0.280207
0.280108
0.280009
0.279909
0.27981
0.279711
0.279612
0.279512
0.279413
0.279314
0.279215
0.279115
0.279016
0.278917
0.278818
0.278718
0.278619
0.27852
0.278421
0.278321
0.278222
0.278123
0.278023
0.277924
0.277825
0.277726
0.277626
0.277527
0.277428
0.277329
0.277229
0.27713
0.277031
0.276931
0.276832
0.276733
0.276634
0.276534
0.276435
0.276336
0.276237
0.276137
0.276038
0.275939
0.275839
0.27574
0.275641
0.275542
0.275442
0.275343
0.275244
0.275144
0.275045
0.274946
0.274847
0.274747
0.274648
0.274549
0.274449
0.27435
0.274251
0.274151
0.274052
0.273953
0.273854
0.273754
0.273655
0.273556
0.273456
0.273357
0.273258
0.273158
0.273059
0.27296
0.272861
0.272761
0.272662
0.272563
0.272463
0.272364
0.272265
0.272165
0.272066
0.271967
0.271867
0.271768
0.271669
0.27157
0.27147
0.271371
0.271272
0.271172
0.271073
0.270974
0.270874
0.270775
0.270676
0.270576
0.270477
0.270378
0.270278
0.270179
0.27008
0.26998
0.269881
0.269782
0.269682
0.269583
0.269484
0.269384
0.269285
0.269186
0.269086
0.268987
0.268888
0.268788
0.268689
0.26859
0.26849
0.268391
0.268292
0.268192
0.268093
0.267994
0.267894
0.267795
0.267696
0.267596
0.267497
0.267398
0.267298
0.267199
0.2671
0.267
0.266901
0.266802
0.266702
0.266603
0.266504
0.266404
0.266305
0.266206
0.266106
0.266007
0.265907
0.265808
0.265709
0.265609
0.26551
0.265411
0.265311
0.265212
0.265113
0.265013
0.264914
0.264815
0.264715
0.264616
0.264516
0.264417
0.264318
0.264218
0.264119
0.26402
0.26392
0.263821
0.263722
0.263622
0.263523
0.263423
0.263324
0.263225
0.263125
0.263026
0.262927
0.262827
0.262728
0.262628
0.262529
0.26243
0.26233
0.262231
0.262132
0.262032
0.261933
0.261833
0.261734
0.261635
0.261535
0.261436
0.261337
0.261237
0.261138
0.261038
0.260939
0.26084
0.26074
0.260641
0.260541
0.260442
0.260343
0.260243
0.260144
0.260045
0.259945
0.259846
0.259746
0.259647
0.259548
0.259448
0.259349
0.259249
0.25915
0.259051
0.258951
0.258852
0.258752
0.258653
0.258554
0.258454
0.258355
0.258255
0.258156
0.258057
0.257957
0.257858
0.257758
0.257659
0.25756
0.25746
0.257361
0.257261
0.257162
0.257063
0.256963
0.256864
0.256764
0.256665
0.256566
0.256466
0.256367
0.256267
0.256168
0.256068
0.255969
0.25587
0.25577
0.255671
0.255571
0.255472
0.255373
0.255273
0.255174
0.255074
0.254975
0.254875
0.254776
0.254677
0.254577
0.254478
0.254378
0.254279
0.254179
0.25408
0.253981
0.253881
0.253782
0.253682
0.253583
0.253483
0.253384
0.253285
0.253185
0.253086
0.252986
0.252887
0.252787
0.252688
0.252589
0.252489
0.25239
0.25229
0.252191
0.252091
0.251992
0.251893
0.251793
0.251694
0.251594
0.251495
0.251395
0.251296
0.251196
0.251097
0.250998
0.250898
0.250799
0.250699
0.2506
0.2505
0.250401
0.250301
0.250202
0.250103
0.250003
0.249904
0.249804
0.249705
0.249605
0.249506
0.249406
0.249307
0.249207
0.249108
0.249009
0.248909
0.24881
0.24871
0.248611
0.248511
0.248412
0.248312
0.248213
0.248113
0.248014
0.247915
0.247815
0.247716
0.247616
0.247517
0.247417
0.247318
0.247218
0.247119
0.247019
0.24692
0.24682
0.246721
0.246621
0.246522
0.246423
0.246323
0.246224
0.246124
0.246025
0.245925
0.245826
0.245726
0.245627
0.245527
0.245428
0.245328
0.245229
0.245129
0.24503
0.24493
0.244831
0.244731
0.244632
0.244533
0.244433
0.244334
0.244234
0.244135
0.244035
0.243936
0.243836
0.243737
0.243637
0.243538
0.243438
0.243339
0.243239
0.24314
0.24304
0.242941
0.242841
0.242742
0.242642
0.242543
0.242443
0.242344
0.242244
0.242145
0.242045
0.241946
0.241846
0.241747
0.241647
0.241548
0.241448
0.241349
0.241249
0.24115
0.24105
0.240951
0.240851
0.240752
0.240652
0.240553
0.240453
0.240354
0.240254
0.240155
0.240055
0.239956
0.239856
0.239757
0.239657
0.239558
0.239458
0.239359
0.239259
0.23916
0.23906
0.238961
0.238861
0.238762
0.238662
0.238563
0.238463
0.238364
0.238264
0.238165
0.238065
0.237966
0.237866
0.237767
0.237667
0.237568
0.237468
0.237369
0.237269
0.23717
0.23707
0.236971
0.236871
0.236772
0.236672
0.236573
0.236473
0.236374
0.236274
0.236174
0.236075
0.235975
0.235876
0.235776
0.235677
0.235577
0.235478
0.235378
0.235279
0.235179
0.23508
0.23498
0.234881
0.234781
0.234682
0.234582
0.234483
0.234383
0.234283
0.234184
0.234084
0.233985
0.233885
0.233786
0.233686
0.233587
0.233487
0.233388
0.233288
0.233189
0.233089
0.23299
0.23289
0.23279
0.232691
0.232591
0.232492
0.232392
0.232293
0.232193
0.232094
0.231994
0.231895
0.231795
0.231696
0.231596
0.231496
0.231397
0.231297
0.231198
0.231098
0.230999
0.230899
0.2308
0.2307
0.230601
0.230501
0.230401
0.230302
0.230202
0.230103
0.230003
0.229904
0.229804
0.229705
0.229605
0.229505
0.229406
0.229306
0.229207
0.229107
0.229008
0.228908
0.228809
0.228709
0.228609
0.22851
0.22841
0.228311
0.228211
0.228112
0.228012
0.227913
0.227813
0.227713
0.227614
0.227514
0.227415
0.227315
0.227216
0.227116
0.227017
0.226917
0.226817
0.226718
0.226618
0.226519
0.226419
0.22632
0.22622
0.22612
0.226021
0.225921
0.225822
0.225722
0.225623
0.225523
0.225423
0.225324
0.225224
0.225125
0.225025
0.224926
0.224826
0.224726
0.224627
0.224527
0.224428
0.224328
0.224229
0.224129
0.224029
0.22393
0.22383
0.223731
0.223631
0.223532
0.223432
0.223332
0.223233
0.223133
0.223034
0.222934
0.222834
0.222735
0.222635
0.222536
0.222436
0.222337
0.222237
0.222137
0.222038
0.221938
0.221839
0.221739
0.221639
0.22154
0.22144
0.221341
0.221241
0.221141
0.221042
0.220942
0.220843
0.220743
0.220644
0.220544
0.220444
0.220345
0.220245
0.220146
0.220046
0.219946
0.219847
0.219747
0.219648
0.219548
0.219448
0.219349
0.219249
0.21915
0.21905
0.21895
0.218851
0.218751
0.218652
0.218552
0.218452
0.218353
0.218253
0.218154
0.218054
0.217954
0.217855
0.217755
0.217656
0.217556
0.217456
0.217357
0.217257
0.217158
0.217058
0.216958
0.216859
0.216759
0.21666
0.21656
0.21646
0.216361
0.216261
0.216161
0.216062
0.215962
0.215863
0.215763
0.215663
0.215564
0.215464
0.215365
0.215265
0.215165
0.215066
0.214966
0.214867
0.214767
0.214667
0.214568
0.214468
0.214368
0.214269
0.214169
0.21407
0.21397
0.21387
0.213771
0.213671
0.213572
0.213472
0.213372
0.213273
0.213173
0.213073
0.212974
0.212874
0.212775
0.212675
0.212575
0.212476
0.212376
0.212276
0.212177
0.212077
0.211978
0.211878
0.211778
0.211679
0.211579
0.211479
0.21138
0.21128
0.211181
0.211081
0.210981
0.210882
0.210782
0.210682
0.210583
0.210483
0.210383
0.210284
0.210184
0.210085
0.209985
0.209885
0.209786
0.209686
0.209586
0.209487
0.209387
0.209288
0.209188
0.209088
0.208989
0.208889
0.208789
0.20869
0.20859
0.20849
0.208391
0.208291
0.208191
0.208092
0.207992
0.207893
0.207793
0.207693
0.207594
0.207494
0.207394
0.207295
0.207195
0.207095
0.206996
0.206896
0.206796
0.206697
0.206597
0.206498
0.206398
0.206298
0.206199
0.206099
0.205999
0.2059
0.2058
0.2057
0.205601
0.205501
0.205401
0.205302
0.205202
0.205102
0.205003
0.204903
0.204804
0.204704
0.204604
0.204505
0.204405
0.204305
0.204206
0.204106
0.204006
0.203907
0.203807
0.203707
0.203608
0.203508
0.203408
0.203309
0.203209
0.203109
0.20301
0.20291
0.20281
0.202711
0.202611
0.202511
0.202412
0.202312
0.202212
0.202113
0.202013
0.201913
0.201814
0.201714
0.201614
0.201515
0.201415
0.201315
0.201216
0.201116
0.201016
0.200917
0.200817
0.200717
0.200618
0.200518
0.200418
0.200319
0.200219
0.200119
0.20002
0.19992
0.19982
0.199721
0.199621
0.199521
0.199422
0.199322
0.199222
0.199123
0.199023
0.198923
0.198824
0.198724
0.198624
0.198525
0.198425
0.198325
0.198226
0.198126
0.198026
0.197927
0.197827
0.197727
0.197628
0.197528
0.197428
0.197329
0.197229
0.197129
0.19703
0.19693
0.19683
0.196731
0.196631
0.196531
0.196432
0.196332
0.196232
0.196132
0.196033
0.195933
0.195833
0.195734
0.195634
0.195534
0.195435
0.195335
0.195235
0.195136
0.195036
0.194936
0.194837
0.194737
0.194637
0.194538
0.194438
0.194338
0.194238
0.194139
0.194039
0.193939
0.19384
0.19374
0.19364
0.193541
0.193441
0.193341
0.193242
0.193142
0.193042
0.192942
0.192843
0.192743
0.192643
0.192544
0.192444
0.192344
0.192245
0.192145
0.192045
0.191946
0.191846
0.191746
0.191646
0.191547
0.191447
0.191347
0.191248
0.191148
0.191048
0.190949
0.190849
0.190749
0.190649
0.19055
0.19045
0.19035
0.190251
0.190151
0.190051
0.189952
0.189852
0.189752
0.189652
0.189553
0.189453
0.189353
0.189254
0.189154
0.189054
0.188955
0.188855
0.188755
0.188655
0.188556
0.188456
0.188356
0.188257
0.188157
0.188057
0.187957
0.187858
0.187758
0.187658
0.187559
0.187459
0.187359
0.18726
0.18716
0.18706
0.18696
0.186861
0.186761
0.186661
0.186562
0.186462
0.186362
0.186262
0.186163
0.186063
0.185963
0.185864
0.185764
0.185664
0.185564
0.185465
0.185365
0.185265
0.185166
0.185066
0.184966
0.184866
0.184767
0.184667
0.184567
0.184468
0.184368
0.184268
0.184168
0.184069
0.183969
0.183869
0.18377
0.18367
0.18357
0.18347
0.183371
0.183271
0.183171
0.183071
0.182972
0.182872
0.182772
0.182673
0.182573
0.182473
0.182373
0.182274
0.182174
0.182074
0.181975
0.181875
0.181775
0.181675
0.181576
0.181476
0.181376
0.181276
0.181177
0.181077
0.180977
0.180878
0.180778
0.180678
0.180578
0.180479
0.180379
0.180279
0.180179
0.18008
0.17998
0.17988
0.179781
0.179681
0.179581
0.179481
0.179382
0.179282
0.179182
0.179082
0.178983
0.178883
0.178783
0.178683
0.178584
0.178484
0.178384
0.178285
0.178185
0.178085
0.177985
0.177886
0.177786
0.177686
0.177586
0.177487
0.177387
0.177287
0.177187
0.177088
0.176988
0.176888
0.176788
0.176689
0.176589
0.176489
0.17639
0.17629
0.17619
0.17609
0.175991
0.175891
0.175791
0.175691
0.175592
0.175492
0.175392
0.175292
0.175193
0.175093
0.174993
0.174893
0.174794
0.174694
0.174594
0.174494
0.174395
0.174295
0.174195
0.174095
0.173996
0.173896
0.173796
0.173696
0.173597
0.173497
0.173397
0.173297
0.173198
0.173098
0.172998
0.172898
0.172799
0.172699
0.172599
0.172499
0.1724
0.1723
0.1722
0.1721
0.172001
0.171901
0.171801
0.171701
0.171602
0.171502
0.171402
0.171302
0.171203
0.171103
0.171003
0.170903
0.170804
0.170704
0.170604
0.170504
0.170405
0.170305
0.170205
0.170105
0.170006
0.169906
0.169806
0.169706
0.169607
0.169507
0.169407
0.169307
0.169208
0.169108
0.169008
0.168908
0.168809
0.168709
0.168609
0.168509
0.16841
0.16831
0.16821
0.16811
0.16801
0.167911
0.167811
0.167711
0.167611
0.167512
0.167412
0.167312
0.167212
0.167113
0.167013
0.166913
0.166813
0.166714
0.166614
0.166514
0.166414
0.166314
0.166215
0.166115
0.166015
0.165915
0.165816
0.165716
0.165616
0.165516
0.165417
0.165317
0.165217
0.165117
0.165018
0.164918
0.164818
0.164718
0.164618
0.164519
0.164419
0.164319
0.164219
0.16412
0.16402
0.16392
0.16382
0.163721
0.163621
0.163521
0.163421
0.163321
0.163222
0.163122
0.163022
0.162922
0.162823
0.162723
0.162623
0.162523
0.162423
0.162324
0.162224
0.162124
0.162024
0.161925
0.161825
0.161725
0.161625
0.161525
0.161426
0.161326
0.161226
0.161126
0.161027
0.160927
0.160827
0.160727
0.160627
0.160528
0.160428
0.160328
0.160228
0.160129
0.160029
0.159929
0.159829
0.159729
0.15963
0.15953
0.15943
0.15933
0.159231
0.159131
0.159031
0.158931
0.158831
0.158732
0.158632
0.158532
0.158432
0.158333
0.158233
0.158133
0.158033
0.157933
0.157834
0.157734
0.157634
0.157534
0.157434
0.157335
0.157235
0.157135
0.157035
0.156936
0.156836
0.156736
0.156636
0.156536
0.156437
0.156337
0.156237
0.156137
0.156037
0.155938
0.155838
0.155738
0.155638
0.155538
0.155439
0.155339
0.155239
0.155139
0.15504
0.15494
0.15484
0.15474
0.15464
0.154541
0.154441
0.154341
0.154241
0.154141
0.154042
0.153942
0.153842
0.153742
0.153642
0.153543
0.153443
0.153343
0.153243
0.153143
0.153044
0.152944
0.152844
0.152744
0.152644
0.152545
0.152445
0.152345
0.152245
0.152145
0.152046
0.151946
0.151846
0.151746
0.151646
0.151547
0.151447
0.151347
0.151247
0.151147
0.151048
0.150948
0.150848
0.150748
0.150649
0.150549
0.150449
0.150349
0.150249
0.150149
0.15005
0.14995
0.14985
0.14975
0.14965
0.149551
0.149451
0.149351
0.149251
0.149151
0.149052
0.148952
0.148852
0.148752
0.148652
0.148553
0.148453
0.148353
0.148253
0.148153
0.148054
0.147954
0.147854
0.147754
0.147654
0.147555
0.147455
0.147355
0.147255
0.147155
0.147056
0.146956
0.146856
0.146756
0.146656
0.146557
0.146457
0.146357
0.146257
0.146157
0.146057
0.145958
0.145858
0.145758
0.145658
0.145558
0.145459
0.145359
0.145259
0.145159
0.145059
0.14496
0.14486
0.14476
0.14466
0.14456
0.14446
0.144361
0.144261
0.144161
0.144061
0.143961
0.143862
0.143762
0.143662
0.143562
0.143462
0.143363
0.143263
0.143163
0.143063
0.142963
0.142863
0.142764
0.142664
0.142564
0.142464
0.142364
0.142265
0.142165
0.142065
0.141965
0.141865
0.141765
0.141666
0.141566
0.141466
0.141366
0.141266
0.141167
0.141067
0.140967
0.140867
0.140767
0.140667
0.140568
0.140468
0.140368
0.140268
0.140168
0.140069
0.139969
0.139869
0.139769
0.139669
0.139569
0.13947
0.13937
0.13927
0.13917
0.13907
0.138971
0.138871
0.138771
0.138671
0.138571
0.138471
0.138372
0.138272
0.138172
0.138072
0.137972
0.137872
0.137773
0.137673
0.137573
0.137473
0.137373
0.137273
0.137174
0.137074
0.136974
0.136874
0.136774
0.136675
0.136575
0.136475
0.136375
0.136275
0.136175
0.136076
0.135976
0.135876
0.135776
0.135676
0.135576
0.135477
0.135377
0.135277
0.135177
0.135077
0.134977
0.134878
0.134778
0.134678
0.134578
0.134478
0.134378
0.134279
0.134179
0.134079
0.133979
0.133879
0.133779
0.13368
0.13358
0.13348
0.13338
0.13328
0.13318
0.133081
0.132981
0.132881
0.132781
0.132681
0.132581
0.132482
0.132382
0.132282
0.132182
0.132082
0.131982
0.131883
0.131783
0.131683
0.131583
0.131483
0.131383
0.131284
0.131184
0.131084
0.130984
0.130884
0.130784
0.130685
0.130585
0.130485
0.130385
0.130285
0.130185
0.130086
0.129986
0.129886
0.129786
0.129686
0.129586
0.129487
0.129387
0.129287
0.129187
0.129087
0.128987
0.128887
0.128788
0.128688
0.128588
0.128488
0.128388
0.128288
0.128189
0.128089
0.127989
0.127889
0.127789
0.127689
0.12759
0.12749
0.12739
0.12729
0.12719
0.12709
0.12699
0.126891
0.126791
0.126691
0.126591
0.126491
0.126391
0.126292
0.126192
0.126092
0.125992
0.125892
0.125792
0.125693
0.125593
0.125493
0.125393
0.125293
0.125193
0.125093
0.124994
0.124894
0.124794
0.124694
0.124594
0.124494
0.124395
0.124295
0.124195
0.124095
0.123995
0.123895
0.123795
0.123696
0.123596
0.123496
0.123396
0.123296
0.123196
0.123096
0.122997
0.122897
0.122797
0.122697
0.122597
0.122497
0.122398
0.122298
0.122198
0.122098
0.121998
0.121898
0.121798
0.121699
0.121599
0.121499
0.121399
0.121299
0.121199
0.121099
0.121
0.1209
0.1208
0.1207
0.1206
0.1205
0.1204
0.120301
0.120201
0.120101
0.120001
0.119901
0.119801
0.119701
0.119602
0.119502
0.119402
0.119302
0.119202
0.119102
0.119003
0.118903
0.118803
0.118703
0.118603
0.118503
0.118403
0.118304
0.118204
0.118104
0.118004
0.117904
0.117804
0.117704
0.117605
0.117505
0.117405
0.117305
0.117205
0.117105
0.117005
0.116905
0.116806
0.116706
0.116606
0.116506
0.116406
0.116306
0.116206
0.116107
0.116007
0.115907
0.115807
0.115707
0.115607
0.115507
0.115408
0.115308
0.115208
0.115108
0.115008
0.114908
0.114808
0.114709
0.114609
0.114509
0.114409
0.114309
0.114209
0.114109
0.11401
0.11391
0.11381
0.11371
0.11361
0.11351
0.11341
0.11331
0.113211
0.113111
0.113011
0.112911
0.112811
0.112711
0.112611
0.112512
0.112412
0.112312
0.112212
0.112112
0.112012
0.111912
0.111812
0.111713
0.111613
0.111513
0.111413
0.111313
0.111213
0.111113
0.111014
0.110914
0.110814
0.110714
0.110614
0.110514
0.110414
0.110314
0.110215
0.110115
0.110015
0.109915
0.109815
0.109715
0.109615
0.109516
0.109416
0.109316
0.109216
0.109116
0.109016
0.108916
0.108816
0.108717
0.108617
0.108517
0.108417
0.108317
0.108217
0.108117
0.108017
0.107918
0.107818
0.107718
0.107618
0.107518
0.107418
0.107318
0.107218
0.107119
0.107019
0.106919
0.106819
0.106719
0.106619
0.106519
0.10642
0.10632
0.10622
0.10612
0.10602
0.10592
0.10582
0.10572
0.105621
0.105521
0.105421
0.105321
0.105221
0.105121
0.105021
0.104921
0.104822
0.104722
0.104622
0.104522
0.104422
0.104322
0.104222
0.104122
0.104022
0.103923
0.103823
0.103723
0.103623
0.103523
0.103423
0.103323
0.103223
0.103124
0.103024
0.102924
0.102824
0.102724
0.102624
0.102524
0.102424
0.102325
0.102225
0.102125
0.102025
0.101925
0.101825
0.101725
0.101625
0.101526
0.101426
0.101326
0.101226
0.101126
0.101026
0.100926
0.100826
0.100726
0.100627
0.100527
0.100427
0.100327
0.100227
0.100127
0.100027
0.0999274
0.0998276
0.0997277
0.0996278
0.0995279
0.099428
0.0993281
0.0992283
0.0991284
0.0990285
0.0989286
0.0988287
0.0987288
0.098629
0.0985291
0.0984292
0.0983293
0.0982294
0.0981295
0.0980297
0.0979298
0.0978299
0.09773
0.0976301
0.0975302
0.0974303
0.0973305
0.0972306
0.0971307
0.0970308
0.0969309
0.096831
0.0967312
0.0966313
0.0965314
0.0964315
0.0963316
0.0962317
0.0961318
0.0960319
0.0959321
0.0958322
0.0957323
0.0956324
0.0955325
0.0954326
0.0953327
0.0952328
0.095133
0.0950331
0.0949332
0.0948333
0.0947334
0.0946335
0.0945336
0.0944337
0.0943339
0.094234
0.0941341
0.0940342
0.0939343
0.0938344
0.0937345
0.0936346
0.0935347
0.0934349
0.093335
0.0932351
0.0931352
0.0930353
0.0929354
0.0928355
0.0927356
0.0926357
0.0925358
0.0924359
0.0923361
0.0922362
0.0921363
0.0920364
0.0919365
0.0918366
0.0917367
0.0916368
0.0915369
0.091437
0.0913371
0.0912372
0.0911374
0.0910375
0.0909376
0.0908377
0.0907378
0.0906379
0.090538
0.0904381
0.0903382
0.0902383
0.0901384
0.0900385
0.0899386
0.0898387
0.0897389
0.089639
0.0895391
0.0894392
0.0893393
0.0892394
0.0891395
0.0890396
0.0889397
0.0888398
0.0887399
0.08864
0.0885401
0.0884402
0.0883403
0.0882404
0.0881405
0.0880406
0.0879407
0.0878408
0.0877409
0.0876411
0.0875412
0.0874413
0.0873414
0.0872415
0.0871416
0.0870417
0.0869418
0.0868419
0.086742
0.0866421
0.0865422
0.0864423
0.0863424
0.0862425
0.0861426
0.0860427
0.0859428
0.0858429
0.085743
0.0856431
0.0855432
0.0854433
0.0853434
0.0852435
0.0851436
0.0850437
0.0849438
0.0848439
0.084744
0.0846441
0.0845442
0.0844443
0.0843444
0.0842445
0.0841446
0.0840447
0.0839448
0.0838449
0.083745
0.0836451
0.0835452
0.0834453
0.0833454
0.0832455
0.0831456
0.0830457
0.0829458
0.0828459
0.082746
0.0826461
0.0825462
0.0824463
0.0823464
0.0822465
0.0821466
0.0820467
0.0819468
0.0818469
0.081747
0.0816471
0.0815472
0.0814473
0.0813474
0.0812475
0.0811476
0.0810477
0.0809478
0.0808479
0.080748
0.080648
0.0805481
0.0804482
0.0803483
0.0802484
0.0801485
0.0800486
0.0799487
0.0798488
0.0797489
0.079649
0.0795491
0.0794492
0.0793493
0.0792494
0.0791495
0.0790496
0.0789497
0.0788498
0.0787499
0.07865
0.07855
0.0784501
0.0783502
0.0782503
0.0781504
0.0780505
0.0779506
0.0778507
0.0777508
0.0776509
0.077551
0.0774511
0.0773512
0.0772513
0.0771514
0.0770515
0.0769515
0.0768516
0.0767517
0.0766518
0.0765519
0.076452
0.0763521
0.0762522
0.0761523
0.0760524
0.0759525
0.0758526
0.0757526
0.0756527
0.0755528
0.0754529
0.075353
0.0752531
0.0751532
0.0750533
0.0749534
0.0748535
0.0747536
0.0746536
0.0745537
0.0744538
0.0743539
0.074254
0.0741541
0.0740542
0.0739543
0.0738544
0.0737545
0.0736545
0.0735546
0.0734547
0.0733548
0.0732549
0.073155
0.0730551
0.0729552
0.0728553
0.0727553
0.0726554
0.0725555
0.0724556
0.0723557
0.0722558
0.0721559
0.072056
0.0719561
0.0718561
0.0717562
0.0716563
0.0715564
0.0714565
0.0713566
0.0712567
0.0711568
0.0710568
0.0709569
0.070857
0.0707571
0.0706572
0.0705573
0.0704574
0.0703574
0.0702575
0.0701576
0.0700577
0.0699578
0.0698579
0.069758
0.069658
0.0695581
0.0694582
0.0693583
0.0692584
0.0691585
0.0690586
0.0689586
0.0688587
0.0687588
0.0686589
0.068559
0.0684591
0.0683592
0.0682592
0.0681593
0.0680594
0.0679595
0.0678596
0.0677597
0.0676597
0.0675598
0.0674599
0.06736
0.0672601
0.0671602
0.0670602
0.0669603
0.0668604
0.0667605
0.0666606
0.0665607
0.0664607
0.0663608
0.0662609
0.066161
0.0660611
0.0659612
0.0658612
0.0657613
0.0656614
0.0655615
0.0654616
0.0653617
0.0652617
0.0651618
0.0650619
0.064962
0.0648621
0.0647621
0.0646622
0.0645623
0.0644624
0.0643625
0.0642625
0.0641626
0.0640627
0.0639628
0.0638629
0.063763
0.063663
0.0635631
0.0634632
0.0633633
0.0632634
0.0631634
0.0630635
0.0629636
0.0628637
0.0627638
0.0626638
0.0625639
0.062464
0.0623641
0.0622641
0.0621642
0.0620643
0.0619644
0.0618645
0.0617645
0.0616646
0.0615647
0.0614648
0.0613649
0.0612649
0.061165
0.0610651
0.0609652
0.0608652
0.0607653
0.0606654
0.0605655
0.0604656
0.0603656
0.0602657
0.0601658
0.0600659
0.0599659
0.059866
0.0597661
0.0596662
0.0595663
0.0594663
0.0593664
0.0592665
0.0591666
0.0590666
0.0589667
0.0588668
0.0587669
0.0586669
0.058567
0.0584671
0.0583672
0.0582672
0.0581673
0.0580674
0.0579675
0.0578676
0.0577676
0.0576677
0.0575678
0.0574679
0.0573679
0.057268
0.0571681
0.0570682
0.0569682
0.0568683
0.0567684
0.0566685
0.0565685
0.0564686
0.0563687
0.0562688
0.0561688
0.0560689
0.055969
0.055869
0.0557691
0.0556692
0.0555693
0.0554693
0.0553694
0.0552695
0.0551696
0.0550696
0.0549697
0.0548698
0.0547699
0.0546699
0.05457
0.0544701
0.0543701
0.0542702
0.0541703
0.0540704
0.0539704
0.0538705
0.0537706
0.0536707
0.0535707
0.0534708
0.0533709
0.0532709
0.053171
0.0530711
0.0529712
0.0528712
0.0527713
0.0526714
0.0525714
0.0524715
0.0523716
0.0522717
0.0521717
0.0520718
0.0519719
0.0518719
0.051772
0.0516721
0.0515722
0.0514722
0.0513723
0.0512724
0.0511724
0.0510725
0.0509726
0.0508726
0.0507727
0.0506728
0.0505729
0.0504729
0.050373
0.0502731
0.0501731
0.0500732
0.0499733
0.0498733
0.0497734
0.0496735
0.0495736
0.0494736
0.0493737
0.0492738
0.0491738
0.0490739
0.048974
0.048874
0.0487741
0.0486742
0.0485742
0.0484743
0.0483744
0.0482744
0.0481745
0.0480746
0.0479746
0.0478747
0.0477748
0.0476749
0.0475749
0.047475
0.0473751
0.0472751
0.0471752
0.0470753
0.0469753
0.0468754
0.0467755
0.0466755
0.0465756
0.0464757
0.0463757
0.0462758
0.0461759
0.0460759
0.045976
0.0458761
0.0457761
0.0456762
0.0455763
0.0454763
0.0453764
0.0452765
0.0451765
0.0450766
0.0449767
0.0448767
0.0447768
0.0446768
0.0445769
0.044477
0.044377
0.0442771
0.0441772
0.0440772
0.0439773
0.0438774
0.0437774
0.0436775
0.0435776
0.0434776
0.0433777
0.0432778
0.0431778
0.0430779
0.042978
0.042878
0.0427781
0.0426781
0.0425782
0.0424783
0.0423783
0.0422784
0.0421785
0.0420785
0.0419786
0.0418787
0.0417787
0.0416788
0.0415788
0.0414789
0.041379
0.041279
0.0411791
0.0410792
0.0409792
0.0408793
0.0407794
0.0406794
0.0405795
0.0404795
0.0403796
0.0402797
0.0401797
0.0400798
0.0399799
0.0398799
0.03978
0.03968
0.0395801
0.0394802
0.0393802
0.0392803
0.0391803
0.0390804
0.0389805
0.0388805
0.0387806
0.0386807
0.0385807
0.0384808
0.0383808
0.0382809
0.038181
0.038081
0.0379811
0.0378811
0.0377812
0.0376813
0.0375813
0.0374814
0.0373814
0.0372815
0.0371816
0.0370816
0.0369817
0.0368818
0.0367818
0.0366819
0.0365819
0.036482
0.0363821
0.0362821
0.0361822
0.0360822
0.0359823
0.0358823
0.0357824
0.0356825
0.0355825
0.0354826
0.0353826
0.0352827
0.0351828
0.0350828
0.0349829
0.0348829
0.034783
0.0346831
0.0345831
0.0344832
0.0343832
0.0342833
0.0341834
0.0340834
0.0339835
0.0338835
0.0337836
0.0336836
0.0335837
0.0334838
0.0333838
0.0332839
0.0331839
0.033084
0.032984
0.0328841
0.0327842
0.0326842
0.0325843
0.0324843
0.0323844
0.0322845
0.0321845
0.0320846
0.0319846
0.0318847
0.0317847
0.0316848
0.0315849
0.0314849
0.031385
0.031285
0.0311851
0.0310851
0.0309852
0.0308852
0.0307853
0.0306854
0.0305854
0.0304855
0.0303855
0.0302856
0.0301856
0.0300857
0.0299858
0.0298858
0.0297859
0.0296859
0.029586
0.029486
0.0293861
0.0292861
0.0291862
0.0290863
0.0289863
0.0288864
0.0287864
0.0286865
0.0285865
0.0284866
0.0283866
0.0282867
0.0281867
0.0280868
0.0279869
0.0278869
0.027787
0.027687
0.0275871
0.0274871
0.0273872
0.0272872
0.0271873
0.0270873
0.0269874
0.0268875
0.0267875
0.0266876
0.0265876
0.0264877
0.0263877
0.0262878
0.0261878
0.0260879
0.0259879
0.025888
0.025788
0.0256881
0.0255882
0.0254882
0.0253883
0.0252883
0.0251884
0.0250884
0.0249885
0.0248885
0.0247886
0.0246886
0.0245887
0.0244887
0.0243888
0.0242888
0.0241889
0.0240889
0.023989
0.023889
0.0237891
0.0236892
0.0235892
0.0234893
0.0233893
0.0232894
0.0231894
0.0230895
0.0229895
0.0228896
0.0227896
0.0226897
0.0225897
0.0224898
0.0223898
0.0222899
0.0221899
0.02209
0.02199
0.0218901
0.0217901
0.0216902
0.0215902
0.0214903
0.0213903
0.0212904
0.0211904
0.0210905
0.0209905
0.0208906
0.0207906
0.0206907
0.0205907
0.0204908
0.0203908
0.0202909
0.0201909
0.020091
0.019991
0.0198911
0.0197911
0.0196912
0.0195912
0.0194913
0.0193913
0.0192914
0.0191914
0.0190915
0.0189915
0.0188916
0.0187916
0.0186917
0.0185917
0.0184918
0.0183918
0.0182919
0.0181919
0.018092
0.017992
0.0178921
0.0177921
0.0176922
0.0175922
0.0174923
0.0173923
0.0172924
0.0171924
0.0170925
0.0169925
0.0168926
0.0167926
0.0166927
0.0165927
0.0164928
0.0163928
0.0162929
0.0161929
0.0160929
0.015993
0.015893
0.0157931
0.0156931
0.0155932
0.0154932
0.0153933
0.0152933
0.0151934
0.0150934
0.0149935
0.0148935
0.0147936
0.0146936
0.0145937
0.0144937
0.0143938
0.0142938
0.0141938
0.0140939
0.0139939
0.013894
0.013794
0.0136941
0.0135941
0.0134942
0.0133942
0.0132943
0.0131943
0.0130944
0.0129944
0.0128945
0.0127945
0.0126945
0.0125946
0.0124946
0.0123947
0.0122947
0.0121948
0.0120948
0.0119949
0.0118949
0.011795
0.011695
0.011595
0.0114951
0.0113951
0.0112952
0.0111952
0.0110953
0.0109953
0.0108954
0.0107954
0.0106955
0.0105955
0.0104955
0.0103956
0.0102956
0.0101957
0.0100957
0.00999577
0.00989582
0.00979586
0.0096959
0.00959595
0.00949599
0.00939604
0.00929608
0.00919613
0.00909617
0.00899622
0.00889626
0.0087963
0.00869635
0.00859639
0.00849644
0.00839648
0.00829652
0.00819657
0.00809661
0.00799666
0.0078967
0.00779674
0.00769679
0.00759683
0.00749687
0.00739692
0.00729696
0.007197
0.00709705
0.00699709
0.00689713
0.00679718
0.00669722
0.00659726
0.00649731
0.00639735
0.00629739
0.00619743
0.00609748
0.00599752
0.00589756
0.00579761
0.00569765
0.00559769
0.00549773
0.00539778
0.00529782
0.00519786
0.0050979
0.00499795
0.00489799
0.00479803
0.00469807
0.00459811
0.00449816
0.0043982
0.00429824
0.00419828
0.00409832
0.00399837
0.00389841
0.00379845
0.00369849
0.00359853
0.00349857
0.00339862
0.00329866
0.0031987
0.00309874
0.00299878
0.00289882
0.00279886
0.0026989
0.00259895
0.00249899
0.00239903
0.00229907
0.00219911
0.00209915
0.00199919
0.00189923
0.00179927
0.00169931
0.00159936
0.0014994
0.00139944
0.00129948
0.00119952
0.00109956
0.000999598
0.000899639
0.000799679
0.000699719
0.00059976
0.0004998
0.00039984
0.00029988
0.00019992
9.996e-05
0
