100.000000
99.003992
98.017905
97.041639
96.075097
95.118182
94.170797
93.232849
92.304243
91.384885
90.474685
89.573550
88.681391
87.798117
86.923641
86.057875
85.200732
84.352126
83.511973
82.680187
81.856686
81.041387
80.234209
79.435070
78.643890
77.860591
77.085094
76.317320
75.557194
74.804639
74.059579
73.321940
72.591647
71.868629
71.152812
70.444125
69.742496
69.047855
68.360133
67.679261
67.005170
66.337794
65.677064
65.022916
64.375282
63.734100
63.099303
62.470829
61.848615
61.232598
60.622717
60.018910
59.421117
58.829278
58.243334
57.663226
57.088896
56.520286
55.957339
55.400000
54.848212
54.301919
53.761068
53.225604
52.695473
52.170622
51.650998
51.136550
50.627227
50.122975
49.623747
49.129490
48.640157
48.155697
47.676063
47.201206
46.731078
46.265633
45.804824
45.348604
44.896929
44.449752
44.007029
43.568715
43.134768
42.705142
42.279796
41.858686
41.441770
41.029007
40.620355
40.215773
39.815221
39.418658
39.026045
38.637343
38.252512
37.871514
37.494311
37.120864
36.751138
36.385094
36.022695
35.663907
35.308691
34.957014
34.608839
34.264133
33.922859
33.584985
33.250476
32.919299
32.591420
32.266807
31.945427
31.627248
31.312238
31.000366
30.691600
30.385909
30.083263
29.783632
29.486985
29.193292
28.902525
28.614653
28.329649
28.047484
27.768128
27.491556
27.217738
26.946647
26.678256
26.412539
26.149468
25.889017
25.631161
25.375872
25.123127
24.872898
24.625162
24.379894
24.137068
23.896661
23.658649
23.423007
23.189712
22.958741
22.730070
22.503676
22.279538
22.057632
21.837937
21.620429
21.405088
21.191892
20.980819
20.771848
20.564959
20.360130
20.157342
19.956573
19.757804
19.561015
19.366186
19.173297
18.982330
18.793264
18.606082
18.420764
18.237292
18.055647
17.875811
17.697767
17.521496
17.346980
17.174203
17.003146
16.833794
16.666128
16.500132
16.335789
16.173084
16.011999
15.852518
15.694626
15.538306
15.383543
15.230322
15.078627
14.928442
14.779754
14.632547
14.486805
14.342516
14.199663
14.058233
13.918212
13.779586
13.642340
13.506461
13.371936
13.238750
13.106891
12.976346
12.847100
12.719142
12.592459
12.467037
12.342864
12.219928
12.098217
11.977718
11.858419
11.740308
11.623374
11.507604
11.392987
11.279512
11.167167
11.055942
10.945824
10.836802
10.728867
10.622007
10.516211
10.411468
10.307769
10.205103
10.103460
10.002828
9.903199
9.804563
9.706909
9.610227
9.514508
9.419743
9.325922
9.233035
9.141073
9.050027
8.959888
8.870647
8.782295
8.694823
8.608221
8.522483
8.437598
8.353559
8.270357
8.187984
8.106431
8.025690
7.945754
7.866613
7.788261
7.710690
7.633891
7.557856
7.482580
7.408052
7.334268
7.261218
7.188896
7.117294
7.046405
6.976222
6.906738
6.837947
6.769840
6.702412
6.635656
6.569564
6.504131
6.439349
6.375213
6.311715
6.248850
6.186611
6.124992
6.063986
6.003588
5.943792
5.884592
5.825981
5.767953
5.710504
5.653627
5.597317
5.541567
5.486372
5.431728
5.377627
5.324066
5.271038
5.218538
5.166561
5.115101
5.064155
5.013715
4.963778
4.914339
4.865391
4.816932
4.768955
4.721456
4.674429
4.627872
4.581778
4.536143
4.490963
4.446232
4.401948
4.358104
4.314697
4.271722
4.229175
4.187052
4.145349
4.104061
4.063184
4.022715
3.982648
3.942981
3.903708
3.864827
3.826333
3.788223
3.750492
3.713136
3.676153
3.639538
3.603288
3.567399
3.531868
3.496690
3.461863
3.427382
3.393245
3.359448
3.325988
3.292861
3.260064
3.227593
3.195446
3.163619
3.132109
3.100913
3.070028
3.039450
3.009177
2.979206
2.949532
2.920155
2.891070
2.862275
2.833766
2.805542
2.777598
2.749933
2.722544
2.695427
2.668580
2.642001
2.615686
2.589634
2.563841
2.538305
2.513023
2.487993
2.463213
2.438679
2.414390
2.390342
2.366534
2.342963
2.319627
2.296523
2.273650
2.251004
2.228584
2.206387
2.184411
2.162654
2.141114
2.119789
2.098675
2.077772
2.057078
2.036589
2.016304
1.996222
1.976339
1.956655
1.937166
1.917872
1.898770
1.879858
1.861134
1.842597
1.824245
1.806075
1.788087
1.770277
1.752645
1.735189
1.717906
1.700796
1.683855
1.667084
1.650480
1.634041
1.617766
1.601653
1.585700
1.569906
1.554270
1.538789
1.523463
1.508289
1.493266
1.478393
1.463669
1.449090
1.434657
1.420368
1.406221
1.392215
1.378348
1.364620
1.351028
1.337572
1.324249
1.311060
1.298002
1.285073
1.272274
1.259602
1.247056
1.234636
1.222338
1.210164
1.198111
1.186177
1.174363
1.162666
1.151086
1.139621
1.128270
1.117033
1.105907
1.094892
1.083987
1.073190
1.062501
1.051918
1.041441
1.031068
1.020799
1.010632
1.000566
0.990600
0.980734
0.970965
0.961295
0.951720
0.942241
0.932856
0.923565
0.914366
0.905259
0.896242
0.887316
0.878478
0.869728
0.861066
0.852489
0.843998
0.835592
0.827270
0.819030
0.810872
0.802796
0.794800
0.786884
0.779046
0.771287
0.763605
0.755999
0.748470
0.741015
0.733634
0.726327
0.719093
0.711931
0.704840
0.697820
0.690869
0.683988
0.677175
0.670431
0.663753
0.657142
0.650597
0.644117
0.637702
0.631350
0.625062
0.618836
0.612672
0.606570
0.600529
0.594547
0.588626
0.582763
0.576958
0.571212
0.565523
0.559890
0.554313
0.548792
0.543326
0.537915
0.532557
0.527253
0.522001
0.516802
0.511655
0.506559
0.501513
0.496518
0.491573
0.486677
0.481829
0.477030
0.472279
0.467575
0.462918
0.458307
0.453743
0.449223
0.444749
0.440319
0.435934
0.431592
0.427293
0.423037
0.418824
0.414652
0.410522
0.406433
0.402385
0.398377
0.394410
0.390481
0.386592
0.382742
0.378929
0.375155
0.371419
0.367719
0.364057
0.360431
0.356841
0.353287
0.349768
0.346284
0.342835
0.339421
0.336040
0.332693
0.329379
0.326099
0.322851
0.319635
0.316451
0.313300
0.310179
0.307090
0.304031
0.301003
0.298005
0.295037
0.292098
0.289189
0.286308
0.283457
0.280634
0.277838
0.275071
0.272331
0.269619
0.266933
0.264275
0.261643
0.259037
0.256457
0.253902
0.251373
0.248870
0.246391
0.243937
0.241507
0.239102
0.236720
0.234363
0.232028
0.229717
0.227429
0.225164
0.222921
0.220701
0.218503
0.216327
0.214172
0.212039
0.209927
0.207836
0.205766
0.203716
0.201687
0.199679
0.197690
0.195721
0.193771
0.191841
0.189931
0.188039
0.186166
0.184312
0.182476
0.180659
0.178859
0.177078
0.175314
0.173568
0.171839
0.170128
0.168433
0.166756
0.165095
0.163450
0.161822
0.160211
0.158615
0.157035
0.155471
0.153922
0.152389
0.150872
0.149369
0.147881
0.146408
0.144950
0.143506
0.142077
0.140662
0.139261
0.137874
0.136501
0.135141
0.133795
0.132462
0.131143
0.129837
0.128544
0.127263
0.125996
0.124741
0.123498
0.122268
0.121051
0.119845
0.118651
0.117469
0.116299
0.115141
0.113994
0.112859
0.111735
0.110622
0.109520
0.108429
0.107349
0.106280
0.105222
0.104174
0.103136
0.102109
0.101092
0.100085
0.099088
0.098101
0.097124
0.096157
0.095199
0.094251
0.093312
0.092383
0.091462
0.090551
0.089650
0.088757
0.087873
0.086997
0.086131
0.085273
0.084424
0.083583
0.082750
0.081926
0.081110
0.080302
0.079502
0.078711
0.077927
0.077151
0.076382
0.075621
0.074868
0.074122
0.073384
0.072653
0.071930
0.071213
0.070504
0.069802
0.069106
0.068418
0.067737
0.067062
0.066394
0.065733
0.065078
0.064430
0.063788
0.063153
0.062524
0.061901
0.061285
0.060674
0.060070
0.059472
0.058879
0.058293
0.057712
0.057137
0.056568
0.056005
0.055447
0.054895
0.054348
0.053807
0.053271
0.052740
0.052215
0.051695
0.051180
0.050670
0.050166
0.049666
0.049171
0.048681
0.048197
0.047717
0.047241
0.046771
0.046305
0.045844
0.045387
0.044935
0.044487
0.044044
0.043606
0.043171
0.042741
0.042316
0.041894
0.041477
0.041064
0.040655
0.040250
0.039849
0.039452
0.039059
0.038670
0.038285
0.037904
0.037526
0.037152
0.036782
0.036416
0.036053
0.035694
0.035339
0.034987
0.034638
0.034293
0.033952
0.033613
0.033279
0.032947
0.032619
0.032294
0.031973
0.031654
0.031339
0.031027
0.030718
0.030412
0.030109
0.029809
0.029512
0.029218
0.028927
0.028639
0.028354
0.028071
0.027792
0.027515
0.027241
0.026970
0.026701
0.026435
0.026172
0.025911
0.025653
0.025397
0.025144
0.024894
0.024646
0.024401
0.024158
0.023917
0.023679
0.023443
0.023209
0.022978
0.022749
0.022523
0.022298
0.022076
0.021856
0.021639
0.021423
0.021210
0.020999
0.020789
0.020582
0.020377
0.020174
0.019974
0.019775
0.019578
0.019383
0.019190
0.018998
0.018809
0.018622
0.018436
0.018253
0.018071
0.017891
0.017713
0.017536
0.017362
0.017189
0.017018
0.016848
0.016680
0.016514
0.016350
0.016187
0.016026
0.015866
0.015708
0.015551
0.015397
0.015243
0.015091
0.014941
0.014792
0.014645
0.014499
0.014355
0.014212
0.014070
0.013930
0.013791
0.013654
0.013518
0.013383
0.013250
0.013118
0.012987
0.012858
0.012730
0.012603
0.012478
0.012353
0.012230
0.012108
0.011988
0.011868
0.011750
0.011633
0.011517
0.011403
0.011289
0.011177
0.011065
0.010955
0.010846
0.010738
0.010631
0.010525
0.010420
0.010317
0.010214
0.010112
0.010011
0.009912
0.009813
0.009715
0.009618
0.009523
0.009428
0.009334
0.009241
0.009149
0.009058
0.008967
0.008878
0.008790
0.008702
0.008616
0.008530
0.008445
0.008361
0.008277
0.008195
0.008113
0.008033
0.007952
0.007873
0.007795
0.007717
0.007640
0.007564
0.007489
0.007414
0.007340
0.007267
0.007195
0.007123
0.007052
0.006982
0.006913
0.006844
0.006776
0.006708
0.006641
0.006575
0.006510
0.006445
0.006381
0.006317
0.006254
0.006192
0.006130
0.006069
0.006009
0.005949
0.005890
0.005831
0.005773
0.005715
0.005658
0.005602
0.005546
0.005491
0.005436
0.005382
0.005329
0.005276
0.005223
0.005171
0.005119
0.005068
0.005018
0.004968
0.004919
0.004870
0.004821
0.004773
0.004725
0.004678
0.004632
0.004586
0.004540
