100
90.3924
81.7078
73.8577
66.7617
60.3475
54.5496
49.3086
44.5713
40.289
36.4182
32.9193
29.7565
26.8976
24.3134
21.9775
19.866
17.9573
16.2321
14.6725
13.2629
11.9886
10.8368
9.79564
8.85452
8.00381
7.23484
6.53974
5.91143
5.34348
4.8301
4.36604
3.94657
3.5674
3.22466
2.91485
2.6348
2.38166
2.15284
1.946
1.75904
1.59004
1.43727
1.29918
1.17436
1.06153
0.959547
0.867357
0.784025
0.708699
0.64061
0.579062
0.523428
0.473139
0.427682
0.386592
0.34945
0.315876
0.285528
0.258095
0.233299
0.210884
0.190623
0.172309
0.155754
0.14079
0.127263
0.115036
0.103984
0.0939938
0.0849632
0.0768003
0.0694216
0.0627519
0.0567229
0.0512732
0.0463471
0.0418942
0.0378692
0.0342309
0.0309421
0.0279693
0.0252821
0.0228531
0.0206575
0.0186728
0.0168788
0.0152571
0.0137913
0.0124663
0.0112686
0.0101859
0.0092073
0.00832269
0.00752308
0.00680029
0.00614695
0.00555637
0.00502254
0.00453999
