100
99.004
98.0179
97.0416
96.0751
95.1182
94.1708
93.2328
92.3042
91.3849
90.4747
89.5736
88.6814
87.7981
86.9236
86.0579
85.2007
84.3521
83.512
82.6802
81.8567
81.0414
80.2342
79.4351
78.6439
77.8606
77.0851
76.3173
75.5572
74.8046
74.0596
73.3219
72.5916
71.8686
71.1528
70.4441
69.7425
69.0479
68.3601
67.6793
67.0052
66.3378
65.6771
65.0229
64.3753
63.7341
63.0993
62.4708
61.8486
61.2326
60.6227
60.0189
59.4211
58.8293
58.2433
57.6632
57.0889
56.5203
55.9573
55.4
54.8482
54.3019
53.7611
53.2256
52.6955
52.1706
51.651
51.1366
50.6272
50.123
49.6237
49.1295
48.6402
48.1557
47.6761
47.2012
46.7311
46.2656
45.8048
45.3486
44.8969
44.4498
44.007
43.5687
43.1348
42.7051
42.2798
41.8587
41.4418
41.029
40.6204
40.2158
39.8152
39.4187
39.026
38.6373
38.2525
37.8715
37.4943
37.1209
36.7511
36.3851
36.0227
35.6639
35.3087
34.957
34.6088
34.2641
33.9229
33.585
33.2505
32.9193
32.5914
32.2668
31.9454
31.6272
31.3122
31.0004
30.6916
30.3859
30.0833
29.7836
29.487
29.1933
28.9025
28.6147
28.3296
28.0475
27.7681
27.4916
27.2177
26.9466
26.6783
26.4125
26.1495
25.889
25.6312
25.3759
25.1231
24.8729
24.6252
24.3799
24.1371
23.8967
23.6586
23.423
23.1897
22.9587
22.7301
22.5037
22.2795
22.0576
21.8379
21.6204
21.4051
21.1919
20.9808
20.7718
20.565
20.3601
20.1573
19.9566
19.7578
19.561
19.3662
19.1733
18.9823
18.7933
18.6061
18.4208
18.2373
18.0556
17.8758
17.6978
17.5215
17.347
17.1742
17.0031
16.8338
16.6661
16.5001
16.3358
16.1731
16.012
15.8525
15.6946
15.5383
15.3835
15.2303
15.0786
14.9284
14.7798
14.6325
14.4868
14.3425
14.1997
14.0582
13.9182
13.7796
13.6423
13.5065
13.3719
13.2388
13.1069
12.9763
12.8471
12.7191
12.5925
12.467
12.3429
12.2199
12.0982
11.9777
11.8584
11.7403
11.6234
11.5076
11.393
11.2795
11.1672
11.0559
10.9458
10.8368
10.7289
10.622
10.5162
10.4115
10.3078
10.2051
10.1035
10.0028
9.9032
9.80456
9.70691
9.61023
9.51451
9.41974
9.32592
9.23303
9.14107
9.05003
8.95989
8.87065
8.78229
8.69482
8.60822
8.52248
8.4376
8.35356
8.27036
8.18798
8.10643
8.02569
7.94575
7.86661
7.78826
7.71069
7.63389
7.55786
7.48258
7.40805
7.33427
7.26122
7.1889
7.11729
7.0464
6.97622
6.90674
6.83795
6.76984
6.70241
6.63566
6.56956
6.50413
6.43935
6.37521
6.31171
6.24885
6.18661
6.12499
6.06399
6.00359
5.94379
5.88459
5.82598
5.76795
5.7105
5.65363
5.59732
5.54157
5.48637
5.43173
5.37763
5.32407
5.27104
5.21854
5.16656
5.1151
5.06415
5.01372
4.96378
4.91434
4.86539
4.81693
4.76895
4.72146
4.67443
4.62787
4.58178
4.53614
4.49096
4.44623
4.40195
4.3581
4.3147
4.27172
4.22918
4.18705
4.14535
4.10406
4.06318
4.02271
3.98265
3.94298
3.90371
3.86483
3.82633
3.78822
3.75049
3.71314
3.67615
3.63954
3.60329
3.5674
3.53187
3.49669
3.46186
3.42738
3.39325
3.35945
3.32599
3.29286
3.26006
3.22759
3.19545
3.16362
3.13211
3.10091
3.07003
3.03945
3.00918
2.97921
2.94953
2.92015
2.89107
2.86227
2.83377
2.80554
2.7776
2.74993
2.72254
2.69543
2.66858
2.642
2.61569
2.58963
2.56384
2.5383
2.51302
2.48799
2.46321
2.43868
2.41439
2.39034
2.36653
2.34296
2.31963
2.29652
2.27365
2.251
2.22858
2.20639
2.18441
2.16265
2.14111
2.11979
2.09868
2.07777
2.05708
2.03659
2.0163
1.99622
1.97634
1.95665
1.93717
1.91787
1.89877
1.87986
1.86113
1.8426
1.82424
1.80608
1.78809
1.77028
1.75265
1.73519
1.71791
1.7008
1.68386
1.66708
1.65048
1.63404
1.61777
1.60165
1.5857
1.56991
1.55427
1.53879
1.52346
1.50829
1.49327
1.47839
1.46367
1.44909
1.43466
1.42037
1.40622
1.39221
1.37835
1.36462
1.35103
1.33757
1.32425
1.31106
1.298
1.28507
1.27227
1.2596
1.24706
1.23464
1.22234
1.21016
1.19811
1.18618
1.17436
1.16267
1.15109
1.13962
1.12827
1.11703
1.10591
1.09489
1.08399
1.07319
1.0625
1.05192
1.04144
1.03107
1.0208
1.01063
1.00057
0.9906
0.980734
0.970965
0.961295
0.95172
0.942241
0.932856
0.923565
0.914366
0.905259
0.896242
0.887316
0.878478
0.869728
0.861066
0.852489
0.843998
0.835592
0.82727
0.81903
0.810872
0.802796
0.7948
0.786884
0.779046
0.771287
0.763605
0.755999
0.74847
0.741015
0.733634
0.726327
0.719093
0.711931
0.70484
0.69782
0.690869
0.683988
0.677175
0.670431
0.663753
0.657142
0.650597
0.644117
0.637702
0.63135
0.625062
0.618836
0.612672
0.60657
0.600529
0.594547
0.588626
0.582763
0.576958
0.571212
0.565523
0.55989
0.554313
0.548792
0.543326
0.537915
0.532557
0.527253
0.522001
0.516802
0.511655
0.506559
0.501513
0.496518
0.491573
0.486677
0.481829
0.47703
0.472279
0.467575
0.462918
0.458307
0.453743
0.449223
0.444749
0.440319
0.435934
0.431592
0.427293
0.423037
0.418824
0.414652
0.410522
0.406433
0.402385
0.398377
0.39441
0.390481
0.386592
0.382742
0.378929
0.375155
0.371419
0.367719
0.364057
0.360431
0.356841
0.353287
0.349768
0.346284
0.342835
0.339421
0.33604
0.332693
0.329379
0.326099
0.322851
0.319635
0.316451
0.3133
0.310179
0.30709
0.304031
0.301003
0.298005
0.295037
0.292098
0.289189
0.286308
0.283457
0.280634
0.277838
0.275071
0.272331
0.269619
0.266933
0.264275
0.261643
0.259037
0.256457
0.253902
0.251373
0.24887
0.246391
0.243937
0.241507
0.239102
0.23672
0.234363
0.232028
0.229717
0.227429
0.225164
0.222921
0.220701
0.218503
0.216327
0.214172
0.212039
0.209927
0.207836
0.205766
0.203716
0.201687
0.199679
0.19769
0.195721
0.193771
0.191841
0.189931
0.188039
0.186166
0.184312
0.182476
0.180659
0.178859
0.177078
0.175314
0.173568
0.171839
0.170128
0.168433
0.166756
0.165095
0.16345
0.161822
0.160211
0.158615
0.157035
0.155471
0.153922
0.152389
0.150872
0.149369
0.147881
0.146408
0.14495
0.143506
0.142077
0.140662
0.139261
0.137874
0.136501
0.135141
0.133795
0.132462
0.131143
0.129837
0.128544
0.127263
0.125996
0.124741
0.123498
0.122268
0.121051
0.119845
0.118651
0.117469
0.116299
0.115141
0.113994
0.112859
0.111735
0.110622
0.10952
0.108429
0.107349
0.10628
0.105222
0.104174
0.103136
0.102109
0.101092
0.100085
0.099088
0.0981011
0.097124
0.0961566
0.0951989
0.0942507
0.093312
0.0923826
0.0914624
0.0905515
0.0896496
0.0887567
0.0878726
0.0869974
0.0861309
0.085273
0.0844237
0.0835829
0.0827504
0.0819262
0.0811102
0.0803023
0.0795025
0.0787106
0.0779267
0.0771505
0.0763821
0.0756213
0.0748681
0.0741224
0.0733842
0.0726533
0.0719296
0.0712132
0.0705039
0.0698017
0.0691065
0.0684182
0.0677367
0.067062
0.0663941
0.0657328
0.0650781
0.0644299
0.0637882
0.0631529
0.0625239
0.0619011
0.0612846
0.0606742
0.0600698
0.0594715
0.0588792
0.0582928
0.0577122
0.0571373
0.0565683
0.0560048
0.055447
0.0548948
0.054348
0.0538067
0.0532708
0.0527402
0.0522149
0.0516948
0.05118
0.0506702
0.0501655
0.0496659
0.0491712
0.0486814
0.0481966
0.0477165
0.0472413
0.0467707
0.0463049
0.0458437
0.0453871
0.044935
0.0444875
0.0440444
0.0436057
0.0431714
0.0427414
0.0423157
0.0418942
0.0414769
0.0410638
0.0406548
0.0402499
0.039849
0.0394521
0.0390592
0.0386701
0.038285
0.0379037
0.0375261
0.0371524
0.0367823
0.036416
0.0360533
0.0356942
0.0353387
0.0349867
0.0346382
0.0342932
0.0339517
0.0336135
0.0332787
0.0329472
0.0326191
0.0322942
0.0319725
0.0316541
0.0313388
0.0310267
0.0307176
0.0304117
0.0301088
0.0298089
0.029512
0.0292181
0.0289271
0.0286389
0.0283537
0.0280713
0.0277917
0.0275149
0.0272408
0.0269695
0.0267009
0.026435
0.0261717
0.025911
0.0256529
0.0253974
0.0251444
0.024894
0.0246461
0.0244006
0.0241576
0.0239169
0.0236787
0.0234429
0.0232094
0.0229782
0.0227494
0.0225228
0.0222984
0.0220764
0.0218565
0.0216388
0.0214233
0.0212099
0.0209986
0.0207895
0.0205824
0.0203774
0.0201745
0.0199735
0.0197746
0.0195776
0.0193826
0.0191896
0.0189984
0.0188092
0.0186219
0.0184364
0.0182528
0.018071
0.017891
0.0177128
0.0175364
0.0173617
0.0171888
0.0170176
0.0168481
0.0166803
0.0165141
0.0163497
0.0161868
0.0160256
0.015866
0.0157079
0.0155515
0.0153966
0.0152432
0.0150914
0.0149411
0.0147923
0.014645
0.0144991
0.0143547
0.0142117
0.0140702
0.01393
0.0137913
0.0136539
0.0135179
0.0133833
0.01325
0.013118
0.0129874
0.012858
0.0127299
0.0126031
0.0124776
0.0123533
0.0122303
0.0121085
0.0119879
0.0118685
0.0117503
0.0116332
0.0115174
0.0114027
0.0112891
0.0111766
0.0110653
0.0109551
0.010846
0.010738
0.010631
0.0105251
0.0104203
0.0103165
0.0102138
0.010112
0.0100113
0.0099116
0.00981288
0.00971515
0.00961838
0.00952258
0.00942774
0.00933384
0.00924087
0.00914883
0.00905771
0.00896749
0.00887818
0.00878975
0.0087022
0.00861553
0.00852972
0.00844476
0.00836065
0.00827738
0.00819493
0.00811331
0.0080325
0.0079525
0.00787329
0.00779487
0.00771723
0.00764037
0.00756427
0.00748893
0.00741434
0.00734049
0.00726738
0.007195
0.00712333
0.00705239
0.00698214
0.0069126
0.00684375
0.00677559
0.0067081
0.00664129
0.00657514
0.00650965
0.00644481
0.00638062
0.00631707
0.00625415
0.00619186
0.00613019
0.00606913
0.00600868
0.00594884
0.00588959
0.00583093
0.00577285
0.00571535
0.00565843
0.00560207
0.00554627
0.00549103
0.00543634
0.00538219
0.00532858
0.00527551
0.00522297
0.00517095
0.00511944
0.00506845
0.00501797
0.00496799
0.00491851
0.00486952
0.00482102
0.004773
0.00472546
0.0046784
0.0046318
0.00458567
0.00453999
