0.000000
0.009189
0.018228
0.027145
0.035949
0.044644
0.053234
0.061722
0.070110
0.078399
0.086592
0.094690
0.102694
0.110605
0.118425
0.126155
0.133796
0.141348
0.148814
0.156194
0.163488
0.170699
0.177826
0.184872
0.191836
0.198719
0.205523
0.212248
0.218896
0.225466
0.231960
0.238379
0.244723
0.250993
0.257190
0.263315
0.269368
0.275350
0.281262
0.287105
0.292879
0.298585
0.304224
0.309796
0.315302
0.320744
0.326120
0.331433
0.336682
0.341869
0.346994
0.352057
0.357060
0.362002
0.366885
0.371710
0.376475
0.381184
0.385835
0.390429
0.394968
0.399451
0.403879
0.408253
0.412573
0.416840
0.421054
0.425216
0.429327
0.433386
0.437395
0.441354
0.445263
0.449123
0.452934
0.456698
0.460414
0.464082
0.467704
0.471280
0.474810
0.478295
0.481735
0.485130
0.488482
0.491790
0.495055
0.498278
0.501458
0.504597
0.507694
0.510750
0.513766
0.516742
0.519678
0.522574
0.525432
0.528251
0.531032
0.533775
0.536481
0.539150
0.541782
0.544378
0.546938
0.549462
0.551951
0.554406
0.556826
0.559211
0.561563
0.563881
0.566167
0.568419
0.570639
0.572827
0.574983
0.577107
0.579201
0.581263
0.583295
0.585296
0.587268
0.589209
0.591122
0.593005
0.594860
0.596686
0.598484
0.600253
0.601996
0.603710
0.605398
0.607059
0.608693
0.610301
0.611883
0.613439
0.614970
0.616475
0.617956
0.619411
0.620842
0.622249
0.623631
0.624990
0.626326
0.627638
0.628926
0.630192
0.631436
0.632657
0.633856
0.635032
0.636187
0.637321
0.638433
0.639524
0.640595
0.641644
0.642673
0.643682
0.644671
0.645640
0.646589
0.647518
0.648429
0.649320
0.650193
0.651046
0.651881
0.652698
0.653497
0.654278
0.655041
0.655786
0.656514
0.657224
0.657918
0.658594
0.659254
0.659897
0.660524
0.661134
0.661729
0.662307
0.662870
0.663417
0.663949
0.664465
0.664966
0.665452
0.665923
0.666380
0.666822
0.667249
0.667662
0.668062
0.668447
0.668818
0.669175
0.669519
0.669850
0.670167
0.670471
0.670762
0.671040
0.671305
0.671558
0.671798
0.672026
0.672241
0.672444
0.672636
0.672815
0.672982
0.673138
0.673282
0.673415
0.673536
0.673646
0.673745
0.673833
0.673911
0.673977
0.674033
0.674078
0.674112
0.674136
0.674150
0.674154
0.674148
0.674132
0.674106
0.674070
0.674025
0.673969
0.673905
0.673831
0.673748
0.673656
0.673554
0.673444
0.673324
0.673196
0.673059
0.672913
0.672759
0.672597
0.672425
0.672246
0.672058
0.671863
0.671659
0.671447
0.671227
0.671000
0.670764
0.670521
0.670271
0.670012
0.669747
0.669474
0.669194
0.668906
0.668612
0.668310
0.668001
0.667685
0.667363
0.667033
0.666697
0.666354
0.666005
0.665649
0.665287
0.664918
0.664543
0.664161
0.663773
0.663379
0.662980
0.662574
0.662162
0.661744
0.661320
0.660890
0.660455
0.660014
0.659567
0.659115
0.658658
0.658194
0.657726
0.657252
0.656773
0.656288
0.655798
0.655304
0.654804
0.654299
0.653789
0.653274
0.652754
0.652229
0.651700
0.651166
0.650627
0.650083
0.649535
0.648982
0.648425
0.647863
0.647297
0.646727
0.646152
0.645573
0.644989
0.644401
0.643810
0.643214
0.642614
0.642010
0.641401
0.640789
0.640173
0.639554
0.638930
0.638302
0.637671
0.637036
0.636397
0.635755
0.635109
0.634459
0.633806
0.633149
0.632489
0.631825
0.631158
0.630488
0.629814
0.629137
0.628457
0.627773
0.627086
0.626396
0.625703
0.625007
0.624307
0.623605
0.622899
0.622191
0.621479
0.620765
0.620048
0.619327
0.618604
0.617879
0.617150
0.616418
0.615684
0.614947
0.614208
0.613466
0.612721
0.611973
0.611223
0.610471
0.609715
0.608958
0.608198
0.607435
0.606670
0.605903
0.605133
0.604361
0.603586
0.602809
0.602030
0.601249
0.600465
0.599679
0.598891
0.598101
0.597309
0.596514
0.595718
0.594919
0.594118
0.593315
0.592510
0.591703
0.590894
0.590084
0.589271
0.588456
0.587639
0.586821
0.586000
0.585178
0.584354
0.583528
0.582700
0.581871
0.581040
0.580207
0.579372
0.578535
0.577697
0.576857
0.576016
0.575172
0.574328
0.573481
0.572633
0.571784
0.570932
0.570080
0.569225
0.568370
0.567512
0.566654
0.565793
0.564932
0.564069
0.563204
0.562338
0.561471
0.560602
0.559732
0.558860
0.557987
0.557113
0.556237
0.555360
0.554482
0.553603
0.552722
0.551840
0.550957
0.550072
0.549187
0.548300
0.547412
0.546523
0.545632
0.544741
0.543848
0.542954
0.542059
0.541163
0.540266
0.539367
0.538468
0.537567
0.536666
0.535763
0.534860
0.533955
0.533049
0.532142
0.531235
0.530326
0.529416
0.528506
0.527594
0.526682
0.525768
0.524854
0.523938
0.523022
0.522105
0.521187
0.520268
0.519348
0.518427
0.517506
0.516583
0.515660
0.514736
0.513811
0.512885
0.511959
0.511031
0.510103
0.509174
0.508244
0.507314
0.506383
0.505451
0.504518
0.503584
0.502650
0.501715
0.500780
0.499843
0.498906
0.497968
0.497030
0.496090
0.495151
0.494210
0.493269
0.492327
0.491385
0.490441
0.489498
0.488553
0.487608
0.486662
0.485716
0.484769
0.483822
0.482874
0.481925
0.480976
0.480026
0.479075
0.478124
0.477173
0.476221
0.475268
0.474315
0.473361
0.472407
0.471452
0.470497
0.469541
0.468585
0.467628
0.466670
0.465713
0.464754
0.463795
0.462836
0.461876
0.460916
0.459955
0.458994
0.458032
0.457070
0.456108
0.455145
0.454181
0.453217
0.452253
0.451288
0.450323
0.449357
0.448391
0.447425
0.446458
0.445491
0.444523
0.443555
0.442587
0.441618
0.440649
0.439679
0.438709
0.437739
0.436768
0.435797
0.434825
0.433854
0.432881
0.431909
0.430936
0.429963
0.428989
0.428015
0.427041
0.426067
0.425092
0.424117
0.423141
0.422165
0.421189
0.420213
0.419236
0.418259
0.417281
0.416304
0.415326
0.414347
0.413369
0.412390
0.411411
0.410431
0.409452
0.408472
0.407491
0.406511
0.405530
0.404549
0.403568
0.402586
0.401604
0.400622
0.399640
0.398657
0.397674
0.396691
0.395708
0.394724
0.393740
0.392756
0.391772
0.390788
0.389803
0.388818
0.387833
0.386847
0.385861
0.384876
0.383889
0.382903
0.381917
0.380930
0.379943
0.378956
0.377969
0.376981
0.375993
0.375005
0.374017
0.373029
0.372040
0.371052
0.370063
0.369074
0.368084
0.367095
0.366105
0.365115
0.364125
0.363135
0.362145
0.361154
0.360164
0.359173
0.358182
0.357191
0.356199
0.355208
0.354216
0.353224
0.352232
0.351240
0.350248
0.349255
0.348263
0.347270
0.346277
0.345284
0.344291
0.343297
0.342304
0.341310
0.340317
0.339323
0.338329
0.337334
0.336340
0.335346
0.334351
0.333356
0.332362
0.331367
0.330371
0.329376
0.328381
0.327385
0.326390
0.325394
0.324398
0.323402
0.322406
0.321410
0.320414
0.319417
0.318421
0.317424
0.316427
0.315431
0.314434
0.313437
0.312439
0.311442
0.310445
0.309447
0.308450
0.307452
0.306454
0.305456
0.304458
0.303460
0.302462
0.301464
0.300465
0.299467
0.298468
0.297470
0.296471
0.295472
0.294473
0.293474
0.292475
0.291476
0.290477
0.289477
0.288478
0.287478
0.286479
0.285479
0.284479
0.283479
0.282480
0.281480
0.280479
0.279479
0.278479
0.277479
0.276478
0.275478
0.274477
0.273477
0.272476
0.271475
0.270475
0.269474
0.268473
0.267472
0.266471
0.265469
0.264468
0.263467
0.262466
0.261464
0.260463
0.259461
0.258460
0.257458
0.256456
0.255454
0.254453
0.253451
0.252449
0.251447
0.250445
0.249442
0.248440
0.247438
0.246436
0.245433
0.244431
0.243428
0.242426
0.241423
0.240421
0.239418
0.238415
0.237412
0.236410
0.235407
0.234404
0.233401
0.232398
0.231395
0.230392
0.229388
0.228385
0.227382
0.226379
0.225375
0.224372
0.223368
0.222365
0.221361
0.220358
0.219354
0.218350
0.217347
0.216343
0.215339
0.214335
0.213331
0.212328
0.211324
0.210320
0.209316
0.208312
0.207307
0.206303
0.205299
0.204295
0.203291
0.202286
0.201282
0.200278
0.199273
0.198269
0.197264
0.196260
0.195255
0.194251
0.193246
0.192242
0.191237
0.190232
0.189227
0.188223
0.187218
0.186213
0.185208
0.184203
0.183198
0.182193
0.181188
0.180183
0.179178
0.178173
0.177168
0.176163
0.175158
0.174153
0.173148
0.172142
0.171137
0.170132
0.169126
0.168121
0.167116
0.166110
0.165105
0.164100
0.163094
0.162089
0.161083
0.160078
0.159072
0.158066
0.157061
0.156055
0.155049
0.154044
0.153038
0.152032
0.151027
0.150021
0.149015
0.148009
0.147003
0.145998
0.144992
0.143986
0.142980
0.141974
0.140968
0.139962
0.138956
0.137950
0.136944
0.135938
0.134932
0.133926
0.132920
0.131913
0.130907
0.129901
0.128895
0.127889
0.126883
0.125876
0.124870
0.123864
0.122858
0.121851
0.120845
0.119839
0.118832
0.117826
0.116819
0.115813
0.114807
0.113800
0.112794
0.111787
0.110781
0.109774
0.108768
0.107761
0.106755
0.105748
0.104742
0.103735
0.102728
0.101722
0.100715
0.099708
0.098702
0.097695
0.096688
0.095682
0.094675
0.093668
0.092662
0.091655
0.090648
0.089641
0.088635
0.087628
0.086621
0.085614
0.084607
0.083600
0.082594
0.081587
0.080580
0.079573
0.078566
0.077559
0.076552
0.075545
0.074538
0.073531
0.072524
0.071517
0.070510
0.069503
0.068496
0.067489
0.066482
0.065475
0.064468
0.063461
0.062454
0.061447
0.060440
0.059433
0.058426
0.057419
0.056412
0.055404
0.054397
0.053390
0.052383
0.051376
0.050369
0.049361
0.048354
0.047347
0.046340
0.045333
0.044325
0.043318
0.042311
0.041304
0.040296
0.039289
0.038282
0.037274
0.036267
0.035260
0.034253
0.033245
0.032238
0.031231
0.030223
0.029216
0.028209
0.027201
0.026194
0.025186
0.024179
0.023172
0.022164
0.021157
0.020149
0.019142
0.018135
0.017127
0.016120
0.015112
0.014105
0.013097
0.012090
0.011083
0.010075
0.009068
0.008060
0.007053
0.006045
0.005038
0.004030
0.003023
0.002015
0.001008
0.000000
