0
0.00179965
0.00269797
0.0035953
0.00449163
0.00538697
0.00628131
0.00717465
0.00806701
0.00895837
0.00984874
0.0107381
0.0116265
0.0125139
0.0134003
0.0142858
0.0151702
0.0160537
0.0169361
0.0178176
0.0186981
0.0195777
0.0204562
0.0213338
0.0222104
0.023086
0.0239607
0.0248343
0.025707
0.0265788
0.0274495
0.0283193
0.0291881
0.030056
0.0309229
0.0317888
0.0326537
0.0335177
0.0343807
0.0352428
0.0361039
0.036964
0.0378232
0.0386814
0.0395386
0.0403949
0.0412503
0.0421047
0.0429581
0.0438106
0.0446621
0.0455127
0.0463623
0.047211
0.0480587
0.0489055
0.0497514
0.0505963
0.0514402
0.0522832
0.0531253
0.0539664
0.0548066
0.0556458
0.0564841
0.0573215
0.0581579
0.0589934
0.0598279
0.0606615
0.0614942
0.062326
0.0631568
0.0639867
0.0648156
0.0656437
0.0664708
0.067297
0.0681222
0.0689465
0.0697699
0.0705924
0.071414
0.0722346
0.0730543
0.0738731
0.074691
0.075508
0.076324
0.0771391
0.0779533
0.0787666
0.079579
0.0803905
0.0812011
0.0820107
0.0828195
0.0836273
0.0844342
0.0852403
0.0860454
0.0868496
0.0876529
0.0884553
0.0892568
0.0900574
0.0908571
0.0916559
0.0924538
0.0932508
0.0940469
0.0948421
0.0956364
0.0964298
0.0972224
0.098014
0.0988048
0.0995946
0.100384
0.101172
0.101959
0.102745
0.103531
0.104315
0.105099
0.105882
0.106663
0.107444
0.108225
0.109004
0.109782
0.11056
0.111336
0.112112
0.112887
0.113661
0.114434
0.115206
0.115977
0.116748
0.117518
0.118286
0.119054
0.119821
0.120587
0.121353
0.122117
0.122881
0.123643
0.124405
0.125166
0.125926
0.126685
0.127444
0.128201
0.128958
0.129714
0.130469
0.131223
0.131976
0.132729
0.13348
0.134231
0.134981
0.13573
0.136478
0.137225
0.137971
0.138717
0.139462
0.140206
0.140949
0.141691
0.142432
0.143173
0.143913
0.144652
0.14539
0.146127
0.146863
0.147599
0.148333
0.149067
0.1498
0.150532
0.151264
0.151994
0.152724
0.153453
0.154181
0.154908
0.155634
0.15636
0.157085
0.157808
0.158532
0.159254
0.159975
0.160696
0.161416
0.162135
0.162853
0.16357
0.164287
0.165002
0.165717
0.166431
0.167144
0.167857
0.168569
0.169279
0.169989
0.170699
0.171407
0.172115
0.172821
0.173527
0.174232
0.174937
0.17564
0.176343
0.177045
0.177746
0.178446
0.179146
0.179845
0.180543
0.18124
0.181936
0.182632
0.183327
0.18402
0.184714
0.185406
0.186098
0.186788
0.187478
0.188168
0.188856
0.189544
0.190231
0.190917
0.191602
0.192286
0.19297
0.193653
0.194335
0.195016
0.195697
0.196377
0.197056
0.197734
0.198412
0.199088
0.199764
0.200439
0.201114
0.201787
0.20246
0.203132
0.203803
0.204474
0.205144
0.205813
0.206481
0.207148
0.207815
0.208481
0.209146
0.20981
0.210474
0.211137
0.211799
0.21246
0.21312
0.21378
0.214439
0.215098
0.215755
0.216412
0.217068
0.217723
0.218377
0.219031
0.219684
0.220336
0.220988
0.221639
0.222289
0.222938
0.223586
0.224234
0.224881
0.225527
0.226173
0.226817
0.227461
0.228105
0.228747
0.229389
0.23003
0.23067
0.23131
0.231948
0.232586
0.233224
0.23386
0.234496
0.235131
0.235766
0.236399
0.237032
0.237664
0.238296
0.238927
0.239557
0.240186
0.240814
0.241442
0.242069
0.242696
0.243321
0.243946
0.24457
0.245194
0.245816
0.246438
0.24706
0.24768
0.2483
0.248919
0.249538
0.250155
0.250772
0.251388
0.252004
0.252619
0.253233
0.253846
0.254459
0.255071
0.255682
0.256293
0.256902
0.257512
0.25812
0.258728
0.259335
0.259941
0.260547
0.261151
0.261756
0.262359
0.262962
0.263564
0.264165
0.264766
0.265366
0.265965
0.266564
0.267161
0.267759
0.268355
0.268951
0.269546
0.27014
0.270734
0.271327
0.271919
0.272511
0.273102
0.273692
0.274281
0.27487
0.275458
0.276046
0.276633
0.277219
0.277804
0.278389
0.278973
0.279556
0.280139
0.280721
0.281302
0.281883
0.282463
0.283042
0.283621
0.284199
0.284776
0.285352
0.285928
0.286503
0.287078
0.287652
0.288225
0.288797
0.289369
0.28994
0.290511
0.291081
0.29165
0.292218
0.292786
0.293353
0.29392
0.294486
0.295051
0.295615
0.296179
0.296742
0.297305
0.297866
0.298428
0.298988
0.299548
0.300107
0.300666
0.301224
0.301781
0.302337
0.302893
0.303448
0.304003
0.304557
0.30511
0.305663
0.306215
0.306766
0.307317
0.307867
0.308416
0.308965
0.309513
0.31006
0.310607
0.311153
0.311699
0.312244
0.312788
0.313331
0.313874
0.314417
0.314958
0.315499
0.316039
0.316579
0.317118
0.317657
0.318194
0.318732
0.319268
0.319804
0.320339
0.320874
0.321408
0.321941
0.322474
0.323006
0.323537
0.324068
0.324598
0.325128
0.325657
0.326185
0.326713
0.32724
0.327766
0.328292
0.328817
0.329341
0.329865
0.330389
0.330911
0.331433
0.331955
0.332475
0.332996
0.333515
0.334034
0.334552
0.33507
0.335587
0.336104
0.336619
0.337135
0.337649
0.338163
0.338677
0.339189
0.339702
0.340213
0.340724
0.341234
0.341744
0.342253
0.342762
0.34327
0.343777
0.344284
0.34479
0.345295
0.3458
0.346304
0.346808
0.347311
0.347813
0.348315
0.348816
0.349317
0.349817
0.350316
0.350815
0.351313
0.351811
0.352308
0.352805
0.3533
0.353796
0.35429
0.354784
0.355278
0.355771
0.356263
0.356755
0.357246
0.357736
0.358226
0.358715
0.359204
0.359692
0.36018
0.360667
0.361153
0.361639
0.362124
0.362609
0.363093
0.363576
0.364059
0.364542
0.365023
0.365504
0.365985
0.366465
0.366944
0.367423
0.367901
0.368379
0.368856
0.369333
0.369808
0.370284
0.370759
0.371233
0.371706
0.372179
0.372652
0.373124
0.373595
0.374066
0.374536
0.375006
0.375475
0.375943
0.376411
0.376879
0.377345
0.377812
0.378277
0.378742
0.379207
0.379671
0.380134
0.380597
0.381059
0.381521
0.381982
0.382443
0.382903
0.383362
0.383821
0.384279
0.384737
0.385194
0.385651
0.386107
0.386563
0.387018
0.387472
0.387926
0.388379
0.388832
0.389284
0.389736
0.390187
0.390638
0.391088
0.391537
0.391986
0.392434
0.392882
0.39333
0.393776
0.394222
0.394668
0.395113
0.395558
0.396002
0.396445
0.396888
0.39733
0.397772
0.398214
0.398654
0.399095
0.399534
0.399973
0.400412
0.40085
0.401287
0.401724
0.402161
0.402597
0.403032
0.403467
0.403901
0.404335
0.404768
0.405201
0.405633
0.406065
0.406496
0.406926
0.407356
0.407786
0.408215
0.408643
0.409071
0.409499
0.409926
0.410352
0.410778
0.411203
0.411628
0.412052
0.412476
0.412899
0.413322
0.413744
0.414165
0.414587
0.415007
0.415427
0.415847
0.416266
0.416684
0.417102
0.41752
0.417937
0.418353
0.418769
0.419184
0.419599
0.420014
0.420427
0.420841
0.421254
0.421666
0.422078
0.422489
0.4229
0.42331
0.42372
0.424129
0.424538
0.424946
0.425354
0.425761
0.426168
0.426574
0.42698
0.427385
0.42779
0.428194
0.428597
0.429001
0.429403
0.429805
0.430207
0.430608
0.431009
0.431409
0.431809
0.432208
0.432607
0.433005
0.433402
0.4338
0.434196
0.434592
0.434988
0.435383
0.435778
0.436172
0.436566
0.436959
0.437352
0.437744
0.438136
0.438527
0.438918
0.439308
0.439698
0.440087
0.440476
0.440864
0.441252
0.441639
0.442026
0.442412
0.442798
0.443184
0.443569
0.443953
0.444337
0.44472
0.445103
0.445486
0.445868
0.446249
0.44663
0.447011
0.447391
0.44777
0.44815
0.448528
0.448906
0.449284
0.449661
0.450038
0.450414
0.45079
0.451165
0.45154
0.451914
0.452288
0.452662
0.453035
0.453407
0.453779
0.45415
0.454522
0.454892
0.455262
0.455632
0.456001
0.45637
0.456738
0.457106
0.457473
0.45784
0.458206
0.458572
0.458937
0.459302
0.459667
0.460031
0.460394
0.460757
0.46112
0.461482
0.461844
0.462205
0.462566
0.462926
0.463286
0.463645
0.464004
0.464363
0.464721
0.465078
0.465436
0.465792
0.466148
0.466504
0.466859
0.467214
0.467569
0.467922
0.468276
0.468629
0.468981
0.469334
0.469685
0.470036
0.470387
0.470737
0.471087
0.471437
0.471786
0.472134
0.472482
0.47283
0.473177
0.473524
0.47387
0.474216
0.474561
0.474906
0.475251
0.475595
0.475938
0.476281
0.476624
0.476966
0.477308
0.477649
0.47799
0.478331
0.478671
0.479011
0.47935
0.479689
0.480027
0.480365
0.480702
0.481039
0.481376
0.481712
0.482047
0.482383
0.482717
0.483052
0.483386
0.483719
0.484052
0.484385
0.484717
0.485049
0.48538
0.485711
0.486042
0.486372
0.486701
0.487031
0.487359
0.487688
0.488016
0.488343
0.48867
0.488997
0.489323
0.489649
0.489974
0.490299
0.490623
0.490947
0.491271
0.491594
0.491917
0.492239
0.492561
0.492883
0.493204
0.493525
0.493845
0.494165
0.494484
0.494803
0.495122
0.49544
0.495758
0.496075
0.496392
0.496709
0.497025
0.49734
0.497656
0.49797
0.498285
0.498599
0.498912
0.499226
0.499538
0.499851
0.500163
0.500474
0.500785
0.501096
0.501406
0.501716
0.502026
0.502335
0.502643
0.502952
0.503259
0.503567
0.503874
0.504181
0.504487
0.504793
0.505098
0.505403
0.505708
0.506012
0.506316
0.506619
0.506922
0.507224
0.507527
0.507828
0.50813
0.508431
0.508731
0.509031
0.509331
0.509631
0.50993
0.510228
0.510526
0.510824
0.511121
0.511418
0.511715
0.512011
0.512307
0.512602
0.512897
0.513192
0.513486
0.51378
0.514073
0.514366
0.514659
0.514951
0.515243
0.515535
0.515826
0.516116
0.516407
0.516696
0.516986
0.517275
0.517564
0.517852
0.51814
0.518428
0.518715
0.519002
0.519288
0.519574
0.51986
0.520145
0.52043
0.520714
0.520998
0.521282
0.521565
0.521848
0.522131
0.522413
0.522695
0.522976
0.523257
0.523538
0.523818
0.524098
0.524377
0.524657
0.524935
0.525214
0.525492
0.525769
0.526047
0.526323
0.5266
0.526876
0.527152
0.527427
0.527702
0.527977
0.528251
0.528525
0.528798
0.529071
0.529344
0.529616
0.529888
0.53016
0.530431
0.530702
0.530973
0.531243
0.531512
0.531782
0.532051
0.53232
0.532588
0.532856
0.533123
0.53339
0.533657
0.533924
0.53419
0.534455
0.534721
0.534986
0.53525
0.535515
0.535779
0.536042
0.536305
0.536568
0.53683
0.537093
0.537354
0.537616
0.537877
0.538137
0.538397
0.538657
0.538917
0.539176
0.539435
0.539693
0.539952
0.540209
0.540467
0.540724
0.54098
0.541237
0.541493
0.541748
0.542004
0.542258
0.542513
0.542767
0.543021
0.543275
0.543528
0.54378
0.544033
0.544285
0.544537
0.544788
0.545039
0.54529
0.54554
0.54579
0.54604
0.546289
0.546538
0.546786
0.547035
0.547282
0.54753
0.547777
0.548024
0.54827
0.548517
0.548762
0.549008
0.549253
0.549498
0.549742
0.549986
0.55023
0.550473
0.550716
0.550959
0.551201
0.551443
0.551685
0.551926
0.552167
0.552408
0.552648
0.552888
0.553128
0.553367
0.553606
0.553845
0.554083
0.554321
0.554558
0.554796
0.555033
0.555269
0.555505
0.555741
0.555977
0.556212
0.556447
0.556682
0.556916
0.55715
0.557383
0.557616
0.557849
0.558082
0.558314
0.558546
0.558778
0.559009
0.55924
0.55947
0.559701
0.55993
0.56016
0.560389
0.560618
0.560847
0.561075
0.561303
0.561531
0.561758
0.561985
0.562211
0.562438
0.562664
0.562889
0.563115
0.56334
0.563564
0.563789
0.564013
0.564236
0.56446
0.564683
0.564906
0.565128
0.56535
0.565572
0.565793
0.566014
0.566235
0.566456
0.566676
0.566896
0.567115
0.567334
0.567553
0.567772
0.56799
0.568208
0.568426
0.568643
0.56886
0.569076
0.569293
0.569509
0.569724
0.56994
0.570155
0.57037
0.570584
0.570798
0.571012
0.571226
0.571439
0.571652
0.571864
0.572076
0.572288
0.5725
0.572711
0.572922
0.573133
0.573343
0.573553
0.573763
0.573973
0.574182
0.574391
0.574599
0.574807
0.575015
0.575223
0.57543
0.575637
0.575844
0.57605
0.576256
0.576462
0.576667
0.576873
0.577077
0.577282
0.577486
0.57769
0.577894
0.578097
0.5783
0.578503
0.578705
0.578907
0.579109
0.579311
0.579512
0.579713
0.579913
0.580114
0.580314
0.580513
0.580713
0.580912
0.581111
0.581309
0.581507
0.581705
0.581903
0.5821
0.582297
0.582494
0.58269
0.582886
0.583082
0.583278
0.583473
0.583668
0.583863
0.584057
0.584251
0.584445
0.584638
0.584831
0.585024
0.585217
0.585409
0.585601
0.585793
0.585984
0.586176
0.586366
0.586557
0.586747
0.586937
0.587127
0.587316
0.587505
0.587694
0.587883
0.588071
0.588259
0.588446
0.588634
0.588821
0.589008
0.589194
0.58938
0.589566
0.589752
0.589937
0.590122
0.590307
0.590492
0.590676
0.59086
0.591044
0.591227
0.59141
0.591593
0.591775
0.591958
0.59214
0.592321
0.592503
0.592684
0.592865
0.593045
0.593225
0.593405
0.593585
0.593765
0.593944
0.594123
0.594301
0.594479
0.594658
0.594835
0.595013
0.59519
0.595367
0.595544
0.59572
0.595896
0.596072
0.596247
0.596423
0.596598
0.596772
0.596947
0.597121
0.597295
0.597469
0.597642
0.597815
0.597988
0.59816
0.598333
0.598505
0.598676
0.598848
0.599019
0.59919
0.59936
0.599531
0.599701
0.599871
0.60004
0.600209
0.600378
0.600547
0.600716
0.600884
0.601052
0.601219
0.601387
0.601554
0.601721
0.601887
0.602054
0.60222
0.602386
0.602551
0.602716
0.602881
0.603046
0.603211
0.603375
0.603539
0.603703
0.603866
0.604029
0.604192
0.604355
0.604517
0.604679
0.604841
0.605002
0.605164
0.605325
0.605486
0.605646
0.605806
0.605966
0.606126
0.606286
0.606445
0.606604
0.606763
0.606921
0.607079
0.607237
0.607395
0.607552
0.607709
0.607866
0.608023
0.608179
0.608336
0.608491
0.608647
0.608802
0.608958
0.609112
0.609267
0.609421
0.609576
0.609729
0.609883
0.610036
0.610189
0.610342
0.610495
0.610647
0.610799
0.610951
0.611103
0.611254
0.611405
0.611556
0.611706
0.611857
0.612007
0.612157
0.612306
0.612455
0.612604
0.612753
0.612902
0.61305
0.613198
0.613346
0.613494
0.613641
0.613788
0.613935
0.614081
0.614228
0.614374
0.61452
0.614665
0.614811
0.614956
0.615101
0.615245
0.61539
0.615534
0.615678
0.615821
0.615965
0.616108
0.616251
0.616393
0.616536
0.616678
0.61682
0.616962
0.617103
0.617244
0.617385
0.617526
0.617667
0.617807
0.617947
0.618087
0.618226
0.618365
0.618505
0.618643
0.618782
0.61892
0.619058
0.619196
0.619334
0.619471
0.619608
0.619745
0.619882
0.620018
0.620155
0.620291
0.620426
0.620562
0.620697
0.620832
0.620967
0.621101
0.621236
0.62137
0.621504
0.621637
0.621771
0.621904
0.622037
0.622169
0.622302
0.622434
0.622566
0.622698
0.622829
0.622961
0.623092
0.623223
0.623353
0.623484
0.623614
0.623744
0.623873
0.624003
0.624132
0.624261
0.62439
0.624518
0.624647
0.624775
0.624902
0.62503
0.625157
0.625285
0.625412
0.625538
0.625665
0.625791
0.625917
0.626043
0.626168
0.626294
0.626419
0.626544
0.626668
0.626793
0.626917
0.627041
0.627165
0.627289
0.627412
0.627535
0.627658
0.627781
0.627903
0.628025
0.628147
0.628269
0.62839
0.628512
0.628633
0.628754
0.628874
0.628995
0.629115
0.629235
0.629355
0.629475
0.629594
0.629713
0.629832
0.629951
0.630069
0.630187
0.630305
0.630423
0.630541
0.630658
0.630775
0.630892
0.631009
0.631126
0.631242
0.631358
0.631474
0.631589
0.631705
0.63182
0.631935
0.63205
0.632164
0.632279
0.632393
0.632507
0.632621
0.632734
0.632847
0.63296
0.633073
0.633186
0.633298
0.633411
0.633523
0.633634
0.633746
0.633857
0.633969
0.63408
0.63419
0.634301
0.634411
0.634521
0.634631
0.634741
0.63485
0.63496
0.635069
0.635177
0.635286
0.635395
0.635503
0.635611
0.635719
0.635826
0.635934
0.636041
0.636148
0.636255
0.636361
0.636468
0.636574
0.63668
0.636785
0.636891
0.636996
0.637101
0.637206
0.637311
0.637416
0.63752
0.637624
0.637728
0.637832
0.637935
0.638038
0.638141
0.638244
0.638347
0.638449
0.638552
0.638654
0.638756
0.638857
0.638959
0.63906
0.639161
0.639262
0.639363
0.639463
0.639563
0.639663
0.639763
0.639863
0.639962
0.640062
0.640161
0.64026
0.640358
0.640457
0.640555
0.640653
0.640751
0.640849
0.640946
0.641043
0.64114
0.641237
0.641334
0.64143
0.641527
0.641623
0.641719
0.641814
0.64191
0.642005
0.6421
0.642195
0.64229
0.642385
0.642479
0.642573
0.642667
0.642761
0.642854
0.642948
0.643041
0.643134
0.643227
0.643319
0.643412
0.643504
0.643596
0.643688
0.643779
0.643871
0.643962
0.644053
0.644144
0.644235
0.644325
0.644415
0.644506
0.644595
0.644685
0.644775
0.644864
0.644953
0.645042
0.645131
0.64522
0.645308
0.645396
0.645484
0.645572
0.64566
0.645747
0.645834
0.645922
0.646008
0.646095
0.646182
0.646268
0.646354
0.64644
0.646526
0.646612
0.646697
0.646782
0.646867
0.646952
0.647037
0.647121
0.647206
0.64729
0.647374
0.647457
0.647541
0.647624
0.647707
0.647791
0.647873
0.647956
0.648038
0.648121
0.648203
0.648285
0.648367
0.648448
0.648529
0.648611
0.648692
0.648772
0.648853
0.648934
0.649014
0.649094
0.649174
0.649254
0.649333
0.649413
0.649492
0.649571
0.64965
0.649728
0.649807
0.649885
0.649963
0.650041
0.650119
0.650197
0.650274
0.650351
0.650428
0.650505
0.650582
0.650659
0.650735
0.650811
0.650887
0.650963
0.651039
0.651114
0.651189
0.651265
0.65134
0.651414
0.651489
0.651563
0.651638
0.651712
0.651786
0.651859
0.651933
0.652006
0.65208
0.652153
0.652225
0.652298
0.652371
0.652443
0.652515
0.652587
0.652659
0.652731
0.652802
0.652874
0.652945
0.653016
0.653086
0.653157
0.653228
0.653298
0.653368
0.653438
0.653508
0.653577
0.653647
0.653716
0.653785
0.653854
0.653923
0.653991
0.65406
0.654128
0.654196
0.654264
0.654332
0.6544
0.654467
0.654534
0.654601
0.654668
0.654735
0.654802
0.654868
0.654934
0.655
0.655066
0.655132
0.655198
0.655263
0.655328
0.655393
0.655458
0.655523
0.655588
0.655652
0.655716
0.65578
0.655844
0.655908
0.655972
0.656035
0.656099
0.656162
0.656225
0.656287
0.65635
0.656413
0.656475
0.656537
0.656599
0.656661
0.656722
0.656784
0.656845
0.656907
0.656968
0.657028
0.657089
0.65715
0.65721
0.65727
0.65733
0.65739
0.65745
0.657509
0.657569
0.657628
0.657687
0.657746
0.657805
0.657864
0.657922
0.65798
0.658038
0.658096
0.658154
0.658212
0.658269
0.658327
0.658384
0.658441
0.658498
0.658555
0.658611
0.658668
0.658724
0.65878
0.658836
0.658892
0.658947
0.659003
0.659058
0.659113
0.659168
0.659223
0.659278
0.659332
0.659387
0.659441
0.659495
0.659549
0.659603
0.659656
0.65971
0.659763
0.659816
0.659869
0.659922
0.659975
0.660027
0.66008
0.660132
0.660184
0.660236
0.660288
0.66034
0.660391
0.660442
0.660494
0.660545
0.660595
0.660646
0.660697
0.660747
0.660797
0.660848
0.660898
0.660947
0.660997
0.661047
0.661096
0.661145
0.661194
0.661243
0.661292
0.661341
0.661389
0.661437
0.661486
0.661534
0.661581
0.661629
0.661677
0.661724
0.661772
0.661819
0.661866
0.661913
0.661959
0.662006
0.662052
0.662098
0.662145
0.662191
0.662236
0.662282
0.662328
0.662373
0.662418
0.662463
0.662508
0.662553
0.662598
0.662642
0.662687
0.662731
0.662775
0.662819
0.662863
0.662906
0.66295
0.662993
0.663037
0.66308
0.663123
0.663165
0.663208
0.663251
0.663293
0.663335
0.663377
0.663419
0.663461
0.663503
0.663544
0.663586
0.663627
0.663668
0.663709
0.66375
0.66379
0.663831
0.663871
0.663911
0.663952
0.663992
0.664031
0.664071
0.664111
0.66415
0.664189
0.664228
0.664267
0.664306
0.664345
0.664384
0.664422
0.66446
0.664498
0.664536
0.664574
0.664612
0.66465
0.664687
0.664725
0.664762
0.664799
0.664836
0.664872
0.664909
0.664946
0.664982
0.665018
0.665054
0.66509
0.665126
0.665162
0.665197
0.665233
0.665268
0.665303
0.665338
0.665373
0.665408
0.665443
0.665477
0.665511
0.665546
0.66558
0.665614
0.665647
0.665681
0.665715
0.665748
0.665781
0.665814
0.665847
0.66588
0.665913
0.665946
0.665978
0.66601
0.666043
0.666075
0.666107
0.666138
0.66617
0.666202
0.666233
0.666264
0.666296
0.666327
0.666357
0.666388
0.666419
0.666449
0.66648
0.66651
0.66654
0.66657
0.6666
0.66663
0.666659
0.666689
0.666718
0.666747
0.666776
0.666805
0.666834
0.666863
0.666891
0.66692
0.666948
0.666976
0.667004
0.667032
0.66706
0.667088
0.667115
0.667143
0.66717
0.667197
0.667224
0.667251
0.667278
0.667304
0.667331
0.667357
0.667383
0.66741
0.667436
0.667461
0.667487
0.667513
0.667538
0.667564
0.667589
0.667614
0.667639
0.667664
0.667689
0.667713
0.667738
0.667762
0.667787
0.667811
0.667835
0.667859
0.667882
0.667906
0.667929
0.667953
0.667976
0.667999
0.668022
0.668045
0.668068
0.668091
0.668113
0.668135
0.668158
0.66818
0.668202
0.668224
0.668246
0.668267
0.668289
0.66831
0.668332
0.668353
0.668374
0.668395
0.668416
0.668436
0.668457
0.668477
0.668498
0.668518
0.668538
0.668558
0.668578
0.668598
0.668617
0.668637
0.668656
0.668675
0.668695
0.668714
0.668732
0.668751
0.66877
0.668788
0.668807
0.668825
0.668843
0.668861
0.668879
0.668897
0.668915
0.668933
0.66895
0.668967
0.668985
0.669002
0.669019
0.669036
0.669052
0.669069
0.669086
0.669102
0.669118
0.669135
0.669151
0.669167
0.669183
0.669198
0.669214
0.669229
0.669245
0.66926
0.669275
0.66929
0.669305
0.66932
0.669335
0.669349
0.669364
0.669378
0.669392
0.669406
0.66942
0.669434
0.669448
0.669462
0.669475
0.669489
0.669502
0.669515
0.669528
0.669541
0.669554
0.669567
0.66958
0.669592
0.669605
0.669617
0.669629
0.669641
0.669653
0.669665
0.669677
0.669688
0.6697
0.669711
0.669723
0.669734
0.669745
0.669756
0.669767
0.669778
0.669788
0.669799
0.669809
0.669819
0.66983
0.66984
0.66985
0.66986
0.669869
0.669879
0.669888
0.669898
0.669907
0.669916
0.669926
0.669935
0.669943
0.669952
0.669961
0.669969
0.669978
0.669986
0.669994
0.670003
0.670011
0.670018
0.670026
0.670034
0.670041
0.670049
0.670056
0.670064
0.670071
0.670078
0.670085
0.670092
0.670098
0.670105
0.670111
0.670118
0.670124
0.67013
0.670136
0.670142
0.670148
0.670154
0.67016
0.670165
0.670171
0.670176
0.670181
0.670186
0.670191
0.670196
0.670201
0.670206
0.67021
0.670215
0.670219
0.670224
0.670228
0.670232
0.670236
0.67024
0.670244
0.670247
0.670251
0.670254
0.670258
0.670261
0.670264
0.670267
0.67027
0.670273
0.670276
0.670278
0.670281
0.670283
0.670285
0.670288
0.67029
0.670292
0.670294
0.670296
0.670297
0.670299
0.6703
0.670302
0.670303
0.670304
0.670305
0.670306
0.670307
0.670308
0.670309
0.670309
0.67031
0.67031
0.670311
0.670311
0.670311
0.670311
0.670311
0.670311
0.67031
0.67031
0.670309
0.670309
0.670308
0.670307
0.670306
0.670305
0.670304
0.670303
0.670302
0.670301
0.670299
0.670297
0.670296
0.670294
0.670292
0.67029
0.670288
0.670286
0.670284
0.670281
0.670279
0.670276
0.670273
0.670271
0.670268
0.670265
0.670262
0.670259
0.670255
0.670252
0.670249
0.670245
0.670241
0.670238
0.670234
0.67023
0.670226
0.670222
0.670218
0.670213
0.670209
0.670204
0.6702
0.670195
0.67019
0.670185
0.670181
0.670175
0.67017
0.670165
0.67016
0.670154
0.670149
0.670143
0.670137
0.670131
0.670126
0.67012
0.670113
0.670107
0.670101
0.670095
0.670088
0.670081
0.670075
0.670068
0.670061
0.670054
0.670047
0.67004
0.670033
0.670025
0.670018
0.670011
0.670003
0.669995
0.669987
0.66998
0.669972
0.669964
0.669955
0.669947
0.669939
0.66993
0.669922
0.669913
0.669905
0.669896
0.669887
0.669878
0.669869
0.66986
0.66985
0.669841
0.669832
0.669822
0.669812
0.669803
0.669793
0.669783
0.669773
0.669763
0.669753
0.669743
0.669732
0.669722
0.669711
0.669701
0.66969
0.669679
0.669668
0.669657
0.669646
0.669635
0.669624
0.669613
0.669601
0.66959
0.669578
0.669567
0.669555
0.669543
0.669531
0.669519
0.669507
0.669495
0.669482
0.66947
0.669458
0.669445
0.669432
0.66942
0.669407
0.669394
0.669381
0.669368
0.669355
0.669341
0.669328
0.669315
0.669301
0.669288
0.669274
0.66926
0.669246
0.669232
0.669218
0.669204
0.66919
0.669176
0.669161
0.669147
0.669132
0.669118
0.669103
0.669088
0.669073
0.669058
0.669043
0.669028
0.669013
0.668998
0.668982
0.668967
0.668951
0.668936
0.66892
0.668904
0.668888
0.668872
0.668856
0.66884
0.668824
0.668807
0.668791
0.668774
0.668758
0.668741
0.668724
0.668708
0.668691
0.668674
0.668657
0.66864
0.668622
0.668605
0.668588
0.66857
0.668553
0.668535
0.668517
0.668499
0.668481
0.668463
0.668445
0.668427
0.668409
0.668391
0.668372
0.668354
0.668335
0.668317
0.668298
0.668279
0.66826
0.668241
0.668222
0.668203
0.668184
0.668165
0.668145
0.668126
0.668106
0.668087
0.668067
0.668047
0.668027
0.668008
0.667988
0.667967
0.667947
0.667927
0.667907
0.667886
0.667866
0.667845
0.667825
0.667804
0.667783
0.667762
0.667741
0.66772
0.667699
0.667678
0.667657
0.667635
0.667614
0.667592
0.667571
0.667549
0.667527
0.667505
0.667484
0.667462
0.66744
0.667417
0.667395
0.667373
0.667351
0.667328
0.667306
0.667283
0.66726
0.667237
0.667215
0.667192
0.667169
0.667146
0.667123
0.667099
0.667076
0.667053
0.667029
0.667006
0.666982
0.666958
0.666935
0.666911
0.666887
0.666863
0.666839
0.666815
0.66679
0.666766
0.666742
0.666717
0.666693
0.666668
0.666644
0.666619
0.666594
0.666569
0.666544
0.666519
0.666494
0.666469
0.666444
0.666418
0.666393
0.666367
0.666342
0.666316
0.66629
0.666265
0.666239
0.666213
0.666187
0.666161
0.666134
0.666108
0.666082
0.666056
0.666029
0.666003
0.665976
0.665949
0.665923
0.665896
0.665869
0.665842
0.665815
0.665788
0.66576
0.665733
0.665706
0.665678
0.665651
0.665623
0.665596
0.665568
0.66554
0.665513
0.665485
0.665457
0.665429
0.6654
0.665372
0.665344
0.665316
0.665287
0.665259
0.66523
0.665201
0.665173
0.665144
0.665115
0.665086
0.665057
0.665028
0.664999
0.66497
0.664941
0.664911
0.664882
0.664852
0.664823
0.664793
0.664763
0.664734
0.664704
0.664674
0.664644
0.664614
0.664584
0.664554
0.664523
0.664493
0.664463
0.664432
0.664402
0.664371
0.66434
0.66431
0.664279
0.664248
0.664217
0.664186
0.664155
0.664124
0.664092
0.664061
0.66403
0.663998
0.663967
0.663935
0.663904
0.663872
0.66384
0.663808
0.663776
0.663744
0.663712
0.66368
0.663648
0.663616
0.663583
0.663551
0.663519
0.663486
0.663454
0.663421
0.663388
0.663355
0.663322
0.66329
0.663257
0.663224
0.66319
0.663157
0.663124
0.663091
0.663057
0.663024
0.66299
0.662957
0.662923
0.662889
0.662855
0.662822
0.662788
0.662754
0.66272
0.662685
0.662651
0.662617
0.662583
0.662548
0.662514
0.662479
0.662445
0.66241
0.662375
0.662341
0.662306
0.662271
0.662236
0.662201
0.662166
0.66213
0.662095
0.66206
0.662025
0.661989
0.661954
0.661918
0.661882
0.661847
0.661811
0.661775
0.661739
0.661703
0.661667
0.661631
0.661595
0.661559
0.661523
0.661486
0.66145
0.661413
0.661377
0.66134
0.661304
0.661267
0.66123
0.661193
0.661157
0.66112
0.661083
0.661045
0.661008
0.660971
0.660934
0.660896
0.660859
0.660822
0.660784
0.660746
0.660709
0.660671
0.660633
0.660595
0.660558
0.66052
0.660482
0.660443
0.660405
0.660367
0.660329
0.66029
0.660252
0.660214
0.660175
0.660136
0.660098
0.660059
0.66002
0.659982
0.659943
0.659904
0.659865
0.659826
0.659786
0.659747
0.659708
0.659669
0.659629
0.65959
0.65955
0.659511
0.659471
0.659431
0.659392
0.659352
0.659312
0.659272
0.659232
0.659192
0.659152
0.659112
0.659072
0.659031
0.658991
0.658951
0.65891
0.65887
0.658829
0.658788
0.658748
0.658707
0.658666
0.658625
0.658584
0.658543
0.658502
0.658461
0.65842
0.658379
0.658337
0.658296
0.658255
0.658213
0.658172
0.65813
0.658088
0.658047
0.658005
0.657963
0.657921
0.657879
0.657837
0.657795
0.657753
0.657711
0.657669
0.657627
0.657584
0.657542
0.657499
0.657457
0.657414
0.657372
0.657329
0.657286
0.657243
0.657201
0.657158
0.657115
0.657072
0.657029
0.656985
0.656942
0.656899
0.656856
0.656812
0.656769
0.656725
0.656682
0.656638
0.656595
0.656551
0.656507
0.656463
0.656419
0.656375
0.656331
0.656287
0.656243
0.656199
0.656155
0.656111
0.656066
0.656022
0.655978
0.655933
0.655888
0.655844
0.655799
0.655755
0.65571
0.655665
0.65562
0.655575
0.65553
0.655485
0.65544
0.655395
0.65535
0.655304
0.655259
0.655214
0.655168
0.655123
0.655077
0.655032
0.654986
0.65494
0.654894
0.654849
0.654803
0.654757
0.654711
0.654665
0.654619
0.654573
0.654526
0.65448
0.654434
0.654388
0.654341
0.654295
0.654248
0.654202
0.654155
0.654108
0.654062
0.654015
0.653968
0.653921
0.653874
0.653827
0.65378
0.653733
0.653686
0.653639
0.653591
0.653544
0.653497
0.653449
0.653402
0.653354
0.653307
0.653259
0.653211
0.653164
0.653116
0.653068
0.65302
0.652972
0.652924
0.652876
0.652828
0.65278
0.652732
0.652684
0.652635
0.652587
0.652539
0.65249
0.652442
0.652393
0.652344
0.652296
0.652247
0.652198
0.652149
0.652101
0.652052
0.652003
0.651954
0.651905
0.651855
0.651806
0.651757
0.651708
0.651658
0.651609
0.65156
0.65151
0.651461
0.651411
0.651361
0.651312
0.651262
0.651212
0.651162
0.651112
0.651063
0.651013
0.650963
0.650912
0.650862
0.650812
0.650762
0.650712
0.650661
0.650611
0.65056
0.65051
0.650459
0.650409
0.650358
0.650308
0.650257
0.650206
0.650155
0.650104
0.650053
0.650002
0.649951
0.6499
0.649849
0.649798
0.649747
0.649696
0.649644
0.649593
0.649541
0.64949
0.649438
0.649387
0.649335
0.649284
0.649232
0.64918
0.649128
0.649077
0.649025
0.648973
0.648921
0.648869
0.648817
0.648764
0.648712
0.64866
0.648608
0.648555
0.648503
0.648451
0.648398
0.648346
0.648293
0.64824
0.648188
0.648135
0.648082
0.648029
0.647977
0.647924
0.647871
0.647818
0.647765
0.647712
0.647658
0.647605
0.647552
0.647499
0.647445
0.647392
0.647339
0.647285
0.647232
0.647178
0.647125
0.647071
0.647017
0.646963
0.64691
0.646856
0.646802
0.646748
0.646694
0.64664
0.646586
0.646532
0.646478
0.646423
0.646369
0.646315
0.646261
0.646206
0.646152
0.646097
0.646043
0.645988
0.645934
0.645879
0.645824
0.645769
0.645715
0.64566
0.645605
0.64555
0.645495
0.64544
0.645385
0.64533
0.645275
0.645219
0.645164
0.645109
0.645054
0.644998
0.644943
0.644887
0.644832
0.644776
0.644721
0.644665
0.644609
0.644554
0.644498
0.644442
0.644386
0.64433
0.644274
0.644218
0.644162
0.644106
0.64405
0.643994
0.643938
0.643881
0.643825
0.643769
0.643712
0.643656
0.643599
0.643543
0.643486
0.64343
0.643373
0.643316
0.643259
0.643203
0.643146
0.643089
0.643032
0.642975
0.642918
0.642861
0.642804
0.642747
0.64269
0.642632
0.642575
0.642518
0.64246
0.642403
0.642346
0.642288
0.642231
0.642173
0.642115
0.642058
0.642
0.641942
0.641885
0.641827
0.641769
0.641711
0.641653
0.641595
0.641537
0.641479
0.641421
0.641363
0.641305
0.641246
0.641188
0.64113
0.641071
0.641013
0.640955
0.640896
0.640838
0.640779
0.64072
0.640662
0.640603
0.640544
0.640485
0.640427
0.640368
0.640309
0.64025
0.640191
0.640132
0.640073
0.640014
0.639955
0.639895
0.639836
0.639777
0.639718
0.639658
0.639599
0.639539
0.63948
0.639421
0.639361
0.639301
0.639242
0.639182
0.639122
0.639063
0.639003
0.638943
0.638883
0.638823
0.638763
0.638703
0.638643
0.638583
0.638523
0.638463
0.638403
0.638342
0.638282
0.638222
0.638161
0.638101
0.638041
0.63798
0.63792
0.637859
0.637798
0.637738
0.637677
0.637616
0.637556
0.637495
0.637434
0.637373
0.637312
0.637251
0.63719
0.637129
0.637068
0.637007
0.636946
0.636885
0.636824
0.636762
0.636701
0.63664
0.636578
0.636517
0.636455
0.636394
0.636332
0.636271
0.636209
0.636148
0.636086
0.636024
0.635962
0.635901
0.635839
0.635777
0.635715
0.635653
0.635591
0.635529
0.635467
0.635405
0.635343
0.635281
0.635218
0.635156
0.635094
0.635031
0.634969
0.634907
0.634844
0.634782
0.634719
0.634657
0.634594
0.634531
0.634469
0.634406
0.634343
0.634281
0.634218
0.634155
0.634092
0.634029
0.633966
0.633903
0.63384
0.633777
0.633714
0.633651
0.633587
0.633524
0.633461
0.633398
0.633334
0.633271
0.633208
0.633144
0.633081
0.633017
0.632954
0.63289
0.632826
0.632763
0.632699
0.632635
0.632571
0.632508
0.632444
0.63238
0.632316
0.632252
0.632188
0.632124
0.63206
0.631996
0.631932
0.631868
0.631803
0.631739
0.631675
0.631611
0.631546
0.631482
0.631417
0.631353
0.631288
0.631224
0.631159
0.631095
0.63103
0.630965
0.630901
0.630836
0.630771
0.630706
0.630642
0.630577
0.630512
0.630447
0.630382
0.630317
0.630252
0.630187
0.630121
0.630056
0.629991
0.629926
0.629861
0.629795
0.62973
0.629665
0.629599
0.629534
0.629468
0.629403
0.629337
0.629272
0.629206
0.62914
0.629075
0.629009
0.628943
0.628877
0.628812
0.628746
0.62868
0.628614
0.628548
0.628482
0.628416
0.62835
0.628284
0.628218
0.628151
0.628085
0.628019
0.627953
0.627887
0.62782
0.627754
0.627687
0.627621
0.627555
0.627488
0.627421
0.627355
0.627288
0.627222
0.627155
0.627088
0.627022
0.626955
0.626888
0.626821
0.626754
0.626687
0.62662
0.626554
0.626487
0.626419
0.626352
0.626285
0.626218
0.626151
0.626084
0.626017
0.625949
0.625882
0.625815
0.625747
0.62568
0.625613
0.625545
0.625478
0.62541
0.625343
0.625275
0.625207
0.62514
0.625072
0.625004
0.624936
0.624869
0.624801
0.624733
0.624665
0.624597
0.624529
0.624461
0.624393
0.624325
0.624257
0.624189
0.624121
0.624053
0.623985
0.623916
0.623848
0.62378
0.623711
0.623643
0.623575
0.623506
0.623438
0.623369
0.623301
0.623232
0.623164
0.623095
0.623026
0.622958
0.622889
0.62282
0.622752
0.622683
0.622614
0.622545
0.622476
0.622407
0.622338
0.622269
0.6222
0.622131
0.622062
0.621993
0.621924
0.621855
0.621786
0.621716
0.621647
0.621578
0.621508
0.621439
0.62137
0.6213
0.621231
0.621161
0.621092
0.621022
0.620953
0.620883
0.620813
0.620744
0.620674
0.620604
0.620535
0.620465
0.620395
0.620325
0.620255
0.620185
0.620115
0.620045
0.619975
0.619905
0.619835
0.619765
0.619695
0.619625
0.619555
0.619485
0.619414
0.619344
0.619274
0.619203
0.619133
0.619063
0.618992
0.618922
0.618851
0.618781
0.61871
0.61864
0.618569
0.618499
0.618428
0.618357
0.618287
0.618216
0.618145
0.618074
0.618003
0.617933
0.617862
0.617791
0.61772
0.617649
0.617578
0.617507
0.617436
0.617365
0.617294
0.617222
0.617151
0.61708
0.617009
0.616938
0.616866
0.616795
0.616724
0.616652
0.616581
0.616509
0.616438
0.616366
0.616295
0.616223
0.616152
0.61608
0.616008
0.615937
0.615865
0.615793
0.615722
0.61565
0.615578
0.615506
0.615434
0.615362
0.615291
0.615219
0.615147
0.615075
0.615003
0.614931
0.614858
0.614786
0.614714
0.614642
0.61457
0.614498
0.614425
0.614353
0.614281
0.614208
0.614136
0.614064
0.613991
0.613919
0.613846
0.613774
0.613701
0.613629
0.613556
0.613484
0.613411
0.613338
0.613266
0.613193
0.61312
0.613047
0.612974
0.612902
0.612829
0.612756
0.612683
0.61261
0.612537
0.612464
0.612391
0.612318
0.612245
0.612172
0.612099
0.612026
0.611952
0.611879
0.611806
0.611733
0.611659
0.611586
0.611513
0.611439
0.611366
0.611292
0.611219
0.611146
0.611072
0.610999
0.610925
0.610851
0.610778
0.610704
0.61063
0.610557
0.610483
0.610409
0.610336
0.610262
0.610188
0.610114
0.61004
0.609966
0.609892
0.609818
0.609744
0.60967
0.609596
0.609522
0.609448
0.609374
0.6093
0.609226
0.609152
0.609077
0.609003
0.608929
0.608855
0.60878
0.608706
0.608632
0.608557
0.608483
0.608408
0.608334
0.608259
0.608185
0.60811
0.608036
0.607961
0.607887
0.607812
0.607737
0.607663
0.607588
0.607513
0.607438
0.607363
0.607289
0.607214
0.607139
0.607064
0.606989
0.606914
0.606839
0.606764
0.606689
0.606614
0.606539
0.606464
0.606389
0.606314
0.606238
0.606163
0.606088
0.606013
0.605937
0.605862
0.605787
0.605711
0.605636
0.605561
0.605485
0.60541
0.605334
0.605259
0.605183
0.605108
0.605032
0.604957
0.604881
0.604805
0.60473
0.604654
0.604578
0.604503
0.604427
0.604351
0.604275
0.604199
0.604123
0.604048
0.603972
0.603896
0.60382
0.603744
0.603668
0.603592
0.603516
0.60344
0.603363
0.603287
0.603211
0.603135
0.603059
0.602983
0.602906
0.60283
0.602754
0.602677
0.602601
0.602525
0.602448
0.602372
0.602295
0.602219
0.602143
0.602066
0.601989
0.601913
0.601836
0.60176
0.601683
0.601606
0.60153
0.601453
0.601376
0.6013
0.601223
0.601146
0.601069
0.600992
0.600916
0.600839
0.600762
0.600685
0.600608
0.600531
0.600454
0.600377
0.6003
0.600223
0.600146
0.600069
0.599991
0.599914
0.599837
0.59976
0.599683
0.599605
0.599528
0.599451
0.599373
0.599296
0.599219
0.599141
0.599064
0.598987
0.598909
0.598832
0.598754
0.598677
0.598599
0.598521
0.598444
0.598366
0.598289
0.598211
0.598133
0.598056
0.597978
0.5979
0.597822
0.597745
0.597667
0.597589
0.597511
0.597433
0.597355
0.597277
0.597199
0.597121
0.597043
0.596965
0.596887
0.596809
0.596731
0.596653
0.596575
0.596497
0.596419
0.59634
0.596262
0.596184
0.596106
0.596027
0.595949
0.595871
0.595793
0.595714
0.595636
0.595557
0.595479
0.5954
0.595322
0.595244
0.595165
0.595086
0.595008
0.594929
0.594851
0.594772
0.594693
0.594615
0.594536
0.594457
0.594379
0.5943
0.594221
0.594142
0.594063
0.593985
0.593906
0.593827
0.593748
0.593669
0.59359
0.593511
0.593432
0.593353
0.593274
0.593195
0.593116
0.593037
0.592958
0.592879
0.5928
0.59272
0.592641
0.592562
0.592483
0.592403
0.592324
0.592245
0.592166
0.592086
0.592007
0.591927
0.591848
0.591769
0.591689
0.59161
0.59153
0.591451
0.591371
0.591292
0.591212
0.591133
0.591053
0.590973
0.590894
0.590814
0.590734
0.590655
0.590575
0.590495
0.590415
0.590336
0.590256
0.590176
0.590096
0.590016
0.589936
0.589856
0.589776
0.589696
0.589616
0.589536
0.589456
0.589376
0.589296
0.589216
0.589136
0.589056
0.588976
0.588896
0.588816
0.588735
0.588655
0.588575
0.588495
0.588414
0.588334
0.588254
0.588173
0.588093
0.588013
0.587932
0.587852
0.587772
0.587691
0.587611
0.58753
0.58745
0.587369
0.587289
0.587208
0.587127
0.587047
0.586966
0.586885
0.586805
0.586724
0.586643
0.586563
0.586482
0.586401
0.58632
0.58624
0.586159
0.586078
0.585997
0.585916
0.585835
0.585754
0.585673
0.585593
0.585512
0.585431
0.58535
0.585269
0.585187
0.585106
0.585025
0.584944
0.584863
0.584782
0.584701
0.58462
0.584538
0.584457
0.584376
0.584295
0.584213
0.584132
0.584051
0.583969
0.583888
0.583807
0.583725
0.583644
0.583562
0.583481
0.5834
0.583318
0.583237
0.583155
0.583074
0.582992
0.58291
0.582829
0.582747
0.582666
0.582584
0.582502
0.582421
0.582339
0.582257
0.582175
0.582094
0.582012
0.58193
0.581848
0.581766
0.581685
0.581603
0.581521
0.581439
0.581357
0.581275
0.581193
0.581111
0.581029
0.580947
0.580865
0.580783
0.580701
0.580619
0.580537
0.580455
0.580372
0.58029
0.580208
0.580126
0.580044
0.579961
0.579879
0.579797
0.579715
0.579632
0.57955
0.579468
0.579385
0.579303
0.579221
0.579138
0.579056
0.578973
0.578891
0.578808
0.578726
0.578643
0.578561
0.578478
0.578396
0.578313
0.578231
0.578148
0.578065
0.577983
0.5779
0.577817
0.577735
0.577652
0.577569
0.577486
0.577404
0.577321
0.577238
0.577155
0.577072
0.576989
0.576907
0.576824
0.576741
0.576658
0.576575
0.576492
0.576409
0.576326
0.576243
0.57616
0.576077
0.575994
0.575911
0.575828
0.575745
0.575661
0.575578
0.575495
0.575412
0.575329
0.575245
0.575162
0.575079
0.574996
0.574912
0.574829
0.574746
0.574662
0.574579
0.574496
0.574412
0.574329
0.574246
0.574162
0.574079
0.573995
0.573912
0.573828
0.573745
0.573661
0.573578
0.573494
0.57341
0.573327
0.573243
0.57316
0.573076
0.572992
0.572909
0.572825
0.572741
0.572657
0.572574
0.57249
0.572406
0.572322
0.572238
0.572155
0.572071
0.571987
0.571903
0.571819
0.571735
0.571651
0.571567
0.571483
0.571399
0.571315
0.571231
0.571147
0.571063
0.570979
0.570895
0.570811
0.570727
0.570643
0.570559
0.570475
0.57039
0.570306
0.570222
0.570138
0.570054
0.569969
0.569885
0.569801
0.569717
0.569632
0.569548
0.569464
0.569379
0.569295
0.56921
0.569126
0.569042
0.568957
0.568873
0.568788
0.568704
0.568619
0.568535
0.56845
0.568366
0.568281
0.568197
0.568112
0.568027
0.567943
0.567858
0.567773
0.567689
0.567604
0.567519
0.567435
0.56735
0.567265
0.56718
0.567096
0.567011
0.566926
0.566841
0.566756
0.566672
0.566587
0.566502
0.566417
0.566332
0.566247
0.566162
0.566077
0.565992
0.565907
0.565822
0.565737
0.565652
0.565567
0.565482
0.565397
0.565312
0.565227
0.565142
0.565056
0.564971
0.564886
0.564801
0.564716
0.564631
0.564545
0.56446
0.564375
0.564289
0.564204
0.564119
0.564034
0.563948
0.563863
0.563778
0.563692
0.563607
0.563521
0.563436
0.563351
0.563265
0.56318
0.563094
0.563009
0.562923
0.562838
0.562752
0.562666
0.562581
0.562495
0.56241
0.562324
0.562239
0.562153
0.562067
0.561982
0.561896
0.56181
0.561724
0.561639
0.561553
0.561467
0.561381
0.561296
0.56121
0.561124
0.561038
0.560952
0.560867
0.560781
0.560695
0.560609
0.560523
0.560437
0.560351
0.560265
0.560179
0.560093
0.560007
0.559921
0.559835
0.559749
0.559663
0.559577
0.559491
0.559405
0.559319
0.559233
0.559147
0.55906
0.558974
0.558888
0.558802
0.558716
0.558629
0.558543
0.558457
0.558371
0.558284
0.558198
0.558112
0.558025
0.557939
0.557853
0.557766
0.55768
0.557594
0.557507
0.557421
0.557334
0.557248
0.557162
0.557075
0.556989
0.556902
0.556816
0.556729
0.556643
0.556556
0.556469
0.556383
0.556296
0.55621
0.556123
0.556036
0.55595
0.555863
0.555776
0.55569
0.555603
0.555516
0.55543
0.555343
0.555256
0.555169
0.555083
0.554996
0.554909
0.554822
0.554735
0.554649
0.554562
0.554475
0.554388
0.554301
0.554214
0.554127
0.55404
0.553953
0.553866
0.553779
0.553692
0.553605
0.553518
0.553431
0.553344
0.553257
0.55317
0.553083
0.552996
0.552909
0.552822
0.552735
0.552648
0.55256
0.552473
0.552386
0.552299
0.552212
0.552124
0.552037
0.55195
0.551863
0.551775
0.551688
0.551601
0.551514
0.551426
0.551339
0.551252
0.551164
0.551077
0.550989
0.550902
0.550815
0.550727
0.55064
0.550552
0.550465
0.550377
0.55029
0.550202
0.550115
0.550027
0.54994
0.549852
0.549765
0.549677
0.549589
0.549502
0.549414
0.549327
0.549239
0.549151
0.549064
0.548976
0.548888
0.548801
0.548713
0.548625
0.548537
0.54845
0.548362
0.548274
0.548186
0.548099
0.548011
0.547923
0.547835
0.547747
0.547659
0.547572
0.547484
0.547396
0.547308
0.54722
0.547132
0.547044
0.546956
0.546868
0.54678
0.546692
0.546604
0.546516
0.546428
0.54634
0.546252
0.546164
0.546076
0.545988
0.5459
0.545812
0.545723
0.545635
0.545547
0.545459
0.545371
0.545283
0.545194
0.545106
0.545018
0.54493
0.544842
0.544753
0.544665
0.544577
0.544488
0.5444
0.544312
0.544223
0.544135
0.544047
0.543958
0.54387
0.543782
0.543693
0.543605
0.543516
0.543428
0.54334
0.543251
0.543163
0.543074
0.542986
0.542897
0.542809
0.54272
0.542632
0.542543
0.542454
0.542366
0.542277
0.542189
0.5421
0.542012
0.541923
0.541834
0.541746
0.541657
0.541568
0.54148
0.541391
0.541302
0.541213
0.541125
0.541036
0.540947
0.540858
0.54077
0.540681
0.540592
0.540503
0.540414
0.540326
0.540237
0.540148
0.540059
0.53997
0.539881
0.539792
0.539703
0.539615
0.539526
0.539437
0.539348
0.539259
0.53917
0.539081
0.538992
0.538903
0.538814
0.538725
0.538636
0.538547
0.538458
0.538368
0.538279
0.53819
0.538101
0.538012
0.537923
0.537834
0.537745
0.537655
0.537566
0.537477
0.537388
0.537299
0.537209
0.53712
0.537031
0.536942
0.536852
0.536763
0.536674
0.536585
0.536495
0.536406
0.536317
0.536227
0.536138
0.536049
0.535959
0.53587
0.53578
0.535691
0.535602
0.535512
0.535423
0.535333
0.535244
0.535154
0.535065
0.534975
0.534886
0.534796
0.534707
0.534617
0.534528
0.534438
0.534349
0.534259
0.53417
0.53408
0.53399
0.533901
0.533811
0.533722
0.533632
0.533542
0.533453
0.533363
0.533273
0.533184
0.533094
0.533004
0.532914
0.532825
0.532735
0.532645
0.532555
0.532466
0.532376
0.532286
0.532196
0.532106
0.532017
0.531927
0.531837
0.531747
0.531657
0.531567
0.531477
0.531387
0.531297
0.531208
0.531118
0.531028
0.530938
0.530848
0.530758
0.530668
0.530578
0.530488
0.530398
0.530308
0.530218
0.530128
0.530038
0.529948
0.529858
0.529767
0.529677
0.529587
0.529497
0.529407
0.529317
0.529227
0.529137
0.529046
0.528956
0.528866
0.528776
0.528686
0.528595
0.528505
0.528415
0.528325
0.528234
0.528144
0.528054
0.527964
0.527873
0.527783
0.527693
0.527602
0.527512
0.527422
0.527331
0.527241
0.527151
0.52706
0.52697
0.526879
0.526789
0.526699
0.526608
0.526518
0.526427
0.526337
0.526246
0.526156
0.526065
0.525975
0.525884
0.525794
0.525703
0.525613
0.525522
0.525432
0.525341
0.525251
0.52516
0.525069
0.524979
0.524888
0.524798
0.524707
0.524616
0.524526
0.524435
0.524344
0.524254
0.524163
0.524072
0.523982
0.523891
0.5238
0.52371
0.523619
0.523528
0.523437
0.523346
0.523256
0.523165
0.523074
0.522983
0.522892
0.522802
0.522711
0.52262
0.522529
0.522438
0.522347
0.522257
0.522166
0.522075
0.521984
0.521893
0.521802
0.521711
0.52162
0.521529
0.521438
0.521347
0.521256
0.521165
0.521074
0.520983
0.520892
0.520801
0.52071
0.520619
0.520528
0.520437
0.520346
0.520255
0.520164
0.520073
0.519982
0.51989
0.519799
0.519708
0.519617
0.519526
0.519435
0.519344
0.519252
0.519161
0.51907
0.518979
0.518888
0.518796
0.518705
0.518614
0.518523
0.518431
0.51834
0.518249
0.518158
0.518066
0.517975
0.517884
0.517792
0.517701
0.51761
0.517518
0.517427
0.517336
0.517244
0.517153
0.517061
0.51697
0.516879
0.516787
0.516696
0.516604
0.516513
0.516421
0.51633
0.516239
0.516147
0.516056
0.515964
0.515873
0.515781
0.51569
0.515598
0.515506
0.515415
0.515323
0.515232
0.51514
0.515049
0.514957
0.514866
0.514774
0.514682
0.514591
0.514499
0.514407
0.514316
0.514224
0.514132
0.514041
0.513949
0.513857
0.513766
0.513674
0.513582
0.513491
0.513399
0.513307
0.513215
0.513124
0.513032
0.51294
0.512848
0.512756
0.512665
0.512573
0.512481
0.512389
0.512297
0.512206
0.512114
0.512022
0.51193
0.511838
0.511746
0.511654
0.511562
0.511471
0.511379
0.511287
0.511195
0.511103
0.511011
0.510919
0.510827
0.510735
0.510643
0.510551
0.510459
0.510367
0.510275
0.510183
0.510091
0.509999
0.509907
0.509815
0.509723
0.509631
0.509539
0.509447
0.509355
0.509262
0.50917
0.509078
0.508986
0.508894
0.508802
0.50871
0.508618
0.508525
0.508433
0.508341
0.508249
0.508157
0.508064
0.507972
0.50788
0.507788
0.507696
0.507603
0.507511
0.507419
0.507327
0.507234
0.507142
0.50705
0.506957
0.506865
0.506773
0.506681
0.506588
0.506496
0.506404
0.506311
0.506219
0.506126
0.506034
0.505942
0.505849
0.505757
0.505665
0.505572
0.50548
0.505387
0.505295
0.505202
0.50511
0.505017
0.504925
0.504833
0.50474
0.504648
0.504555
0.504463
0.50437
0.504278
0.504185
0.504092
0.504
0.503907
0.503815
0.503722
0.50363
0.503537
0.503445
0.503352
0.503259
0.503167
0.503074
0.502982
0.502889
0.502796
0.502704
0.502611
0.502518
0.502426
0.502333
0.50224
0.502148
0.502055
0.501962
0.501869
0.501777
0.501684
0.501591
0.501499
0.501406
0.501313
0.50122
0.501128
0.501035
0.500942
0.500849
0.500756
0.500664
0.500571
0.500478
0.500385
0.500292
0.500199
0.500107
0.500014
0.499921
0.499828
0.499735
0.499642
0.499549
0.499456
0.499364
0.499271
0.499178
0.499085
0.498992
0.498899
0.498806
0.498713
0.49862
0.498527
0.498434
0.498341
0.498248
0.498155
0.498062
0.497969
0.497876
0.497783
0.49769
0.497597
0.497504
0.497411
0.497318
0.497225
0.497132
0.497039
0.496945
0.496852
0.496759
0.496666
0.496573
0.49648
0.496387
0.496294
0.4962
0.496107
0.496014
0.495921
0.495828
0.495735
0.495641
0.495548
0.495455
0.495362
0.495269
0.495175
0.495082
0.494989
0.494896
0.494802
0.494709
0.494616
0.494523
0.494429
0.494336
0.494243
0.494149
0.494056
0.493963
0.49387
0.493776
0.493683
0.49359
0.493496
0.493403
0.493309
0.493216
0.493123
0.493029
0.492936
0.492843
0.492749
0.492656
0.492562
0.492469
0.492376
0.492282
0.492189
0.492095
0.492002
0.491908
0.491815
0.491721
0.491628
0.491534
0.491441
0.491347
0.491254
0.49116
0.491067
0.490973
0.49088
0.490786
0.490693
0.490599
0.490506
0.490412
0.490319
0.490225
0.490131
0.490038
0.489944
0.489851
0.489757
0.489663
0.48957
0.489476
0.489382
0.489289
0.489195
0.489102
0.489008
0.488914
0.488821
0.488727
0.488633
0.488539
0.488446
0.488352
0.488258
0.488165
0.488071
0.487977
0.487883
0.48779
0.487696
0.487602
0.487508
0.487415
0.487321
0.487227
0.487133
0.48704
0.486946
0.486852
0.486758
0.486664
0.48657
0.486477
0.486383
0.486289
0.486195
0.486101
0.486007
0.485914
0.48582
0.485726
0.485632
0.485538
0.485444
0.48535
0.485256
0.485162
0.485068
0.484974
0.484881
0.484787
0.484693
0.484599
0.484505
0.484411
0.484317
0.484223
0.484129
0.484035
0.483941
0.483847
0.483753
0.483659
0.483565
0.483471
0.483377
0.483283
0.483189
0.483095
0.483001
0.482906
0.482812
0.482718
0.482624
0.48253
0.482436
0.482342
0.482248
0.482154
0.48206
0.481965
0.481871
0.481777
0.481683
0.481589
0.481495
0.481401
0.481306
0.481212
0.481118
0.481024
0.48093
0.480836
0.480741
0.480647
0.480553
0.480459
0.480364
0.48027
0.480176
0.480082
0.479988
0.479893
0.479799
0.479705
0.47961
0.479516
0.479422
0.479328
0.479233
0.479139
0.479045
0.47895
0.478856
0.478762
0.478667
0.478573
0.478479
0.478384
0.47829
0.478196
0.478101
0.478007
0.477913
0.477818
0.477724
0.477629
0.477535
0.477441
0.477346
0.477252
0.477157
0.477063
0.476969
0.476874
0.47678
0.476685
0.476591
0.476496
0.476402
0.476307
0.476213
0.476118
0.476024
0.475929
0.475835
0.47574
0.475646
0.475551
0.475457
0.475362
0.475268
0.475173
0.475079
0.474984
0.47489
0.474795
0.474701
0.474606
0.474511
0.474417
0.474322
0.474228
0.474133
0.474038
0.473944
0.473849
0.473755
0.47366
0.473565
0.473471
0.473376
0.473281
0.473187
0.473092
0.472997
0.472903
0.472808
0.472713
0.472619
0.472524
0.472429
0.472335
0.47224
0.472145
0.47205
0.471956
0.471861
0.471766
0.471672
0.471577
0.471482
0.471387
0.471293
0.471198
0.471103
0.471008
0.470913
0.470819
0.470724
0.470629
0.470534
0.470439
0.470345
0.47025
0.470155
0.47006
0.469965
0.469871
0.469776
0.469681
0.469586
0.469491
0.469396
0.469301
0.469206
0.469112
0.469017
0.468922
0.468827
0.468732
0.468637
0.468542
0.468447
0.468352
0.468257
0.468163
0.468068
0.467973
0.467878
0.467783
0.467688
0.467593
0.467498
0.467403
0.467308
0.467213
0.467118
0.467023
0.466928
0.466833
0.466738
0.466643
0.466548
0.466453
0.466358
0.466263
0.466168
0.466073
0.465978
0.465883
0.465788
0.465692
0.465597
0.465502
0.465407
0.465312
0.465217
0.465122
0.465027
0.464932
0.464837
0.464742
0.464646
0.464551
0.464456
0.464361
0.464266
0.464171
0.464076
0.46398
0.463885
0.46379
0.463695
0.4636
0.463505
0.463409
0.463314
0.463219
0.463124
0.463029
0.462933
0.462838
0.462743
0.462648
0.462553
0.462457
0.462362
0.462267
0.462172
0.462076
0.461981
0.461886
0.461791
0.461695
0.4616
0.461505
0.461409
0.461314
0.461219
0.461124
0.461028
0.460933
0.460838
0.460742
0.460647
0.460552
0.460456
0.460361
0.460266
0.46017
0.460075
0.45998
0.459884
0.459789
0.459694
0.459598
0.459503
0.459407
0.459312
0.459217
0.459121
0.459026
0.45893
0.458835
0.45874
0.458644
0.458549
0.458453
0.458358
0.458262
0.458167
0.458072
0.457976
0.457881
0.457785
0.45769
0.457594
0.457499
0.457403
0.457308
0.457212
0.457117
0.457021
0.456926
0.45683
0.456735
0.456639
0.456544
0.456448
0.456353
0.456257
0.456162
0.456066
0.45597
0.455875
0.455779
0.455684
0.455588
0.455493
0.455397
0.455301
0.455206
0.45511
0.455015
0.454919
0.454824
0.454728
0.454632
0.454537
0.454441
0.454345
0.45425
0.454154
0.454059
0.453963
0.453867
0.453772
0.453676
0.45358
0.453485
0.453389
0.453293
0.453198
0.453102
0.453006
0.45291
0.452815
0.452719
0.452623
0.452528
0.452432
0.452336
0.452241
0.452145
0.452049
0.451953
0.451858
0.451762
0.451666
0.45157
0.451475
0.451379
0.451283
0.451187
0.451091
0.450996
0.4509
0.450804
0.450708
0.450613
0.450517
0.450421
0.450325
0.450229
0.450133
0.450038
0.449942
0.449846
0.44975
0.449654
0.449558
0.449463
0.449367
0.449271
0.449175
0.449079
0.448983
0.448887
0.448792
0.448696
0.4486
0.448504
0.448408
0.448312
0.448216
0.44812
0.448024
0.447929
0.447833
0.447737
0.447641
0.447545
0.447449
0.447353
0.447257
0.447161
0.447065
0.446969
0.446873
0.446777
0.446681
0.446585
0.446489
0.446393
0.446297
0.446201
0.446105
0.446009
0.445913
0.445817
0.445721
0.445625
0.445529
0.445433
0.445337
0.445241
0.445145
0.445049
0.444953
0.444857
0.444761
0.444665
0.444569
0.444473
0.444377
0.444281
0.444185
0.444089
0.443992
0.443896
0.4438
0.443704
0.443608
0.443512
0.443416
0.44332
0.443224
0.443128
0.443031
0.442935
0.442839
0.442743
0.442647
0.442551
0.442455
0.442358
0.442262
0.442166
0.44207
0.441974
0.441878
0.441781
0.441685
0.441589
0.441493
0.441397
0.441301
0.441204
0.441108
0.441012
0.440916
0.44082
0.440723
0.440627
0.440531
0.440435
0.440338
0.440242
0.440146
0.44005
0.439953
0.439857
0.439761
0.439665
0.439568
0.439472
0.439376
0.43928
0.439183
0.439087
0.438991
0.438894
0.438798
0.438702
0.438606
0.438509
0.438413
0.438317
0.43822
0.438124
0.438028
0.437931
0.437835
0.437739
0.437642
0.437546
0.43745
0.437353
0.437257
0.437161
0.437064
0.436968
0.436872
0.436775
0.436679
0.436582
0.436486
0.43639
0.436293
0.436197
0.4361
0.436004
0.435908
0.435811
0.435715
0.435618
0.435522
0.435426
0.435329
0.435233
0.435136
0.43504
0.434943
0.434847
0.434751
0.434654
0.434558
0.434461
0.434365
0.434268
0.434172
0.434075
0.433979
0.433882
0.433786
0.433689
0.433593
0.433496
0.4334
0.433303
0.433207
0.43311
0.433014
0.432917
0.432821
0.432724
0.432628
0.432531
0.432435
0.432338
0.432242
0.432145
0.432049
0.431952
0.431855
0.431759
0.431662
0.431566
0.431469
0.431373
0.431276
0.431179
0.431083
0.430986
0.43089
0.430793
0.430697
0.4306
0.430503
0.430407
0.43031
0.430213
0.430117
0.43002
0.429924
0.429827
0.42973
0.429634
0.429537
0.42944
0.429344
0.429247
0.42915
0.429054
0.428957
0.428861
0.428764
0.428667
0.42857
0.428474
0.428377
0.42828
0.428184
0.428087
0.42799
0.427894
0.427797
0.4277
0.427604
0.427507
0.42741
0.427313
0.427217
0.42712
0.427023
0.426927
0.42683
0.426733
0.426636
0.42654
0.426443
0.426346
0.426249
0.426153
0.426056
0.425959
0.425862
0.425766
0.425669
0.425572
0.425475
0.425378
0.425282
0.425185
0.425088
0.424991
0.424894
0.424798
0.424701
0.424604
0.424507
0.42441
0.424314
0.424217
0.42412
0.424023
0.423926
0.423829
0.423733
0.423636
0.423539
0.423442
0.423345
0.423248
0.423151
0.423055
0.422958
0.422861
0.422764
0.422667
0.42257
0.422473
0.422377
0.42228
0.422183
0.422086
0.421989
0.421892
0.421795
0.421698
0.421601
0.421504
0.421408
0.421311
0.421214
0.421117
0.42102
0.420923
0.420826
0.420729
0.420632
0.420535
0.420438
0.420341
0.420244
0.420147
0.42005
0.419953
0.419856
0.419759
0.419662
0.419566
0.419469
0.419372
0.419275
0.419178
0.419081
0.418984
0.418887
0.41879
0.418693
0.418596
0.418499
0.418402
0.418305
0.418208
0.418111
0.418013
0.417916
0.417819
0.417722
0.417625
0.417528
0.417431
0.417334
0.417237
0.41714
0.417043
0.416946
0.416849
0.416752
0.416655
0.416558
0.416461
0.416364
0.416267
0.416169
0.416072
0.415975
0.415878
0.415781
0.415684
0.415587
0.41549
0.415393
0.415296
0.415198
0.415101
0.415004
0.414907
0.41481
0.414713
0.414616
0.414519
0.414421
0.414324
0.414227
0.41413
0.414033
0.413936
0.413839
0.413741
0.413644
0.413547
0.41345
0.413353
0.413256
0.413158
0.413061
0.412964
0.412867
0.41277
0.412673
0.412575
0.412478
0.412381
0.412284
0.412187
0.412089
0.411992
0.411895
0.411798
0.411701
0.411603
0.411506
0.411409
0.411312
0.411214
0.411117
0.41102
0.410923
0.410825
0.410728
0.410631
0.410534
0.410436
0.410339
0.410242
0.410145
0.410047
0.40995
0.409853
0.409756
0.409658
0.409561
0.409464
0.409366
0.409269
0.409172
0.409075
0.408977
0.40888
0.408783
0.408685
0.408588
0.408491
0.408393
0.408296
0.408199
0.408102
0.408004
0.407907
0.40781
0.407712
0.407615
0.407518
0.40742
0.407323
0.407226
0.407128
0.407031
0.406933
0.406836
0.406739
0.406641
0.406544
0.406447
0.406349
0.406252
0.406155
0.406057
0.40596
0.405862
0.405765
0.405668
0.40557
0.405473
0.405375
0.405278
0.405181
0.405083
0.404986
0.404888
0.404791
0.404694
0.404596
0.404499
0.404401
0.404304
0.404207
0.404109
0.404012
0.403914
0.403817
0.403719
0.403622
0.403524
0.403427
0.40333
0.403232
0.403135
0.403037
0.40294
0.402842
0.402745
0.402647
0.40255
0.402452
0.402355
0.402257
0.40216
0.402062
0.401965
0.401867
0.40177
0.401672
0.401575
0.401477
0.40138
0.401282
0.401185
0.401087
0.40099
0.400892
0.400795
0.400697
0.4006
0.400502
0.400405
0.400307
0.40021
0.400112
0.400015
0.399917
0.39982
0.399722
0.399624
0.399527
0.399429
0.399332
0.399234
0.399137
0.399039
0.398942
0.398844
0.398746
0.398649
0.398551
0.398454
0.398356
0.398258
0.398161
0.398063
0.397966
0.397868
0.397771
0.397673
0.397575
0.397478
0.39738
0.397282
0.397185
0.397087
0.39699
0.396892
0.396794
0.396697
0.396599
0.396502
0.396404
0.396306
0.396209
0.396111
0.396013
0.395916
0.395818
0.39572
0.395623
0.395525
0.395427
0.39533
0.395232
0.395134
0.395037
0.394939
0.394841
0.394744
0.394646
0.394548
0.394451
0.394353
0.394255
0.394158
0.39406
0.393962
0.393865
0.393767
0.393669
0.393572
0.393474
0.393376
0.393278
0.393181
0.393083
0.392985
0.392888
0.39279
0.392692
0.392594
0.392497
0.392399
0.392301
0.392203
0.392106
0.392008
0.39191
0.391812
0.391715
0.391617
0.391519
0.391421
0.391324
0.391226
0.391128
0.39103
0.390933
0.390835
0.390737
0.390639
0.390542
0.390444
0.390346
0.390248
0.39015
0.390053
0.389955
0.389857
0.389759
0.389662
0.389564
0.389466
0.389368
0.38927
0.389173
0.389075
0.388977
0.388879
0.388781
0.388683
0.388586
0.388488
0.38839
0.388292
0.388194
0.388097
0.387999
0.387901
0.387803
0.387705
0.387607
0.387509
0.387412
0.387314
0.387216
0.387118
0.38702
0.386922
0.386825
0.386727
0.386629
0.386531
0.386433
0.386335
0.386237
0.386139
0.386042
0.385944
0.385846
0.385748
0.38565
0.385552
0.385454
0.385356
0.385258
0.385161
0.385063
0.384965
0.384867
0.384769
0.384671
0.384573
0.384475
0.384377
0.384279
0.384181
0.384084
0.383986
0.383888
0.38379
0.383692
0.383594
0.383496
0.383398
0.3833
0.383202
0.383104
0.383006
0.382908
0.38281
0.382712
0.382614
0.382517
0.382419
0.382321
0.382223
0.382125
0.382027
0.381929
0.381831
0.381733
0.381635
0.381537
0.381439
0.381341
0.381243
0.381145
0.381047
0.380949
0.380851
0.380753
0.380655
0.380557
0.380459
0.380361
0.380263
0.380165
0.380067
0.379969
0.379871
0.379773
0.379675
0.379577
0.379479
0.379381
0.379283
0.379185
0.379087
0.378989
0.378891
0.378793
0.378695
0.378597
0.378499
0.378401
0.378302
0.378204
0.378106
0.378008
0.37791
0.377812
0.377714
0.377616
0.377518
0.37742
0.377322
0.377224
0.377126
0.377028
0.37693
0.376832
0.376733
0.376635
0.376537
0.376439
0.376341
0.376243
0.376145
0.376047
0.375949
0.375851
0.375753
0.375655
0.375556
0.375458
0.37536
0.375262
0.375164
0.375066
0.374968
0.37487
0.374772
0.374673
0.374575
0.374477
0.374379
0.374281
0.374183
0.374085
0.373987
0.373888
0.37379
0.373692
0.373594
0.373496
0.373398
0.3733
0.373201
0.373103
0.373005
0.372907
0.372809
0.372711
0.372612
0.372514
0.372416
0.372318
0.37222
0.372122
0.372023
0.371925
0.371827
0.371729
0.371631
0.371533
0.371434
0.371336
0.371238
0.37114
0.371042
0.370943
0.370845
0.370747
0.370649
0.370551
0.370453
0.370354
0.370256
0.370158
0.37006
0.369961
0.369863
0.369765
0.369667
0.369569
0.36947
0.369372
0.369274
0.369176
0.369077
0.368979
0.368881
0.368783
0.368685
0.368586
0.368488
0.36839
0.368292
0.368193
0.368095
0.367997
0.367899
0.3678
0.367702
0.367604
0.367506
0.367407
0.367309
0.367211
0.367113
0.367014
0.366916
0.366818
0.36672
0.366621
0.366523
0.366425
0.366326
0.366228
0.36613
0.366032
0.365933
0.365835
0.365737
0.365638
0.36554
0.365442
0.365344
0.365245
0.365147
0.365049
0.36495
0.364852
0.364754
0.364655
0.364557
0.364459
0.36436
0.364262
0.364164
0.364066
0.363967
0.363869
0.363771
0.363672
0.363574
0.363476
0.363377
0.363279
0.363181
0.363082
0.362984
0.362886
0.362787
0.362689
0.362591
0.362492
0.362394
0.362295
0.362197
0.362099
0.362
0.361902
0.361804
0.361705
0.361607
0.361509
0.36141
0.361312
0.361214
0.361115
0.361017
0.360918
0.36082
0.360722
0.360623
0.360525
0.360427
0.360328
0.36023
0.360131
0.360033
0.359935
0.359836
0.359738
0.359639
0.359541
0.359443
0.359344
0.359246
0.359147
0.359049
0.358951
0.358852
0.358754
0.358655
0.358557
0.358459
0.35836
0.358262
0.358163
0.358065
0.357966
0.357868
0.35777
0.357671
0.357573
0.357474
0.357376
0.357277
0.357179
0.357081
0.356982
0.356884
0.356785
0.356687
0.356588
0.35649
0.356391
0.356293
0.356194
0.356096
0.355998
0.355899
0.355801
0.355702
0.355604
0.355505
0.355407
0.355308
0.35521
0.355111
0.355013
0.354914
0.354816
0.354717
0.354619
0.354521
0.354422
0.354324
0.354225
0.354127
0.354028
0.35393
0.353831
0.353733
0.353634
0.353536
0.353437
0.353339
0.35324
0.353142
0.353043
0.352945
0.352846
0.352748
0.352649
0.352551
0.352452
0.352354
0.352255
0.352157
0.352058
0.351959
0.351861
0.351762
0.351664
0.351565
0.351467
0.351368
0.35127
0.351171
0.351073
0.350974
0.350876
0.350777
0.350679
0.35058
0.350481
0.350383
0.350284
0.350186
0.350087
0.349989
0.34989
0.349792
0.349693
0.349594
0.349496
0.349397
0.349299
0.3492
0.349102
0.349003
0.348905
0.348806
0.348707
0.348609
0.34851
0.348412
0.348313
0.348214
0.348116
0.348017
0.347919
0.34782
0.347722
0.347623
0.347524
0.347426
0.347327
0.347229
0.34713
0.347031
0.346933
0.346834
0.346736
0.346637
0.346538
0.34644
0.346341
0.346243
0.346144
0.346045
0.345947
0.345848
0.34575
0.345651
0.345552
0.345454
0.345355
0.345256
0.345158
0.345059
0.344961
0.344862
0.344763
0.344665
0.344566
0.344467
0.344369
0.34427
0.344171
0.344073
0.343974
0.343876
0.343777
0.343678
0.34358
0.343481
0.343382
0.343284
0.343185
0.343086
0.342988
0.342889
0.34279
0.342692
0.342593
0.342494
0.342396
0.342297
0.342198
0.3421
0.342001
0.341902
0.341804
0.341705
0.341606
0.341508
0.341409
0.34131
0.341212
0.341113
0.341014
0.340916
0.340817
0.340718
0.340619
0.340521
0.340422
0.340323
0.340225
0.340126
0.340027
0.339929
0.33983
0.339731
0.339632
0.339534
0.339435
0.339336
0.339238
0.339139
0.33904
0.338942
0.338843
0.338744
0.338645
0.338547
0.338448
0.338349
0.33825
0.338152
0.338053
0.337954
0.337856
0.337757
0.337658
0.337559
0.337461
0.337362
0.337263
0.337164
0.337066
0.336967
0.336868
0.336769
0.336671
0.336572
0.336473
0.336374
0.336276
0.336177
0.336078
0.335979
0.335881
0.335782
0.335683
0.335584
0.335486
0.335387
0.335288
0.335189
0.335091
0.334992
0.334893
0.334794
0.334696
0.334597
0.334498
0.334399
0.3343
0.334202
0.334103
0.334004
0.333905
0.333807
0.333708
0.333609
0.33351
0.333411
0.333313
0.333214
0.333115
0.333016
0.332917
0.332819
0.33272
0.332621
0.332522
0.332423
0.332325
0.332226
0.332127
0.332028
0.331929
0.331831
0.331732
0.331633
0.331534
0.331435
0.331337
0.331238
0.331139
0.33104
0.330941
0.330842
0.330744
0.330645
0.330546
0.330447
0.330348
0.330249
0.330151
0.330052
0.329953
0.329854
0.329755
0.329656
0.329558
0.329459
0.32936
0.329261
0.329162
0.329063
0.328965
0.328866
0.328767
0.328668
0.328569
0.32847
0.328372
0.328273
0.328174
0.328075
0.327976
0.327877
0.327778
0.32768
0.327581
0.327482
0.327383
0.327284
0.327185
0.327086
0.326987
0.326889
0.32679
0.326691
0.326592
0.326493
0.326394
0.326295
0.326196
0.326098
0.325999
0.3259
0.325801
0.325702
0.325603
0.325504
0.325405
0.325306
0.325208
0.325109
0.32501
0.324911
0.324812
0.324713
0.324614
0.324515
0.324416
0.324318
0.324219
0.32412
0.324021
0.323922
0.323823
0.323724
0.323625
0.323526
0.323427
0.323328
0.32323
0.323131
0.323032
0.322933
0.322834
0.322735
0.322636
0.322537
0.322438
0.322339
0.32224
0.322141
0.322042
0.321944
0.321845
0.321746
0.321647
0.321548
0.321449
0.32135
0.321251
0.321152
0.321053
0.320954
0.320855
0.320756
0.320657
0.320558
0.320459
0.320361
0.320262
0.320163
0.320064
0.319965
0.319866
0.319767
0.319668
0.319569
0.31947
0.319371
0.319272
0.319173
0.319074
0.318975
0.318876
0.318777
0.318678
0.318579
0.31848
0.318381
0.318282
0.318183
0.318084
0.317985
0.317886
0.317787
0.317689
0.31759
0.317491
0.317392
0.317293
0.317194
0.317095
0.316996
0.316897
0.316798
0.316699
0.3166
0.316501
0.316402
0.316303
0.316204
0.316105
0.316006
0.315907
0.315808
0.315709
0.31561
0.315511
0.315412
0.315313
0.315214
0.315115
0.315016
0.314917
0.314818
0.314719
0.31462
0.314521
0.314422
0.314323
0.314224
0.314125
0.314026
0.313927
0.313828
0.313729
0.31363
0.31353
0.313431
0.313332
0.313233
0.313134
0.313035
0.312936
0.312837
0.312738
0.312639
0.31254
0.312441
0.312342
0.312243
0.312144
0.312045
0.311946
0.311847
0.311748
0.311649
0.31155
0.311451
0.311352
0.311253
0.311154
0.311055
0.310956
0.310856
0.310757
0.310658
0.310559
0.31046
0.310361
0.310262
0.310163
0.310064
0.309965
0.309866
0.309767
0.309668
0.309569
0.30947
0.309371
0.309272
0.309172
0.309073
0.308974
0.308875
0.308776
0.308677
0.308578
0.308479
0.30838
0.308281
0.308182
0.308083
0.307984
0.307884
0.307785
0.307686
0.307587
0.307488
0.307389
0.30729
0.307191
0.307092
0.306993
0.306894
0.306795
0.306695
0.306596
0.306497
0.306398
0.306299
0.3062
0.306101
0.306002
0.305903
0.305804
0.305704
0.305605
0.305506
0.305407
0.305308
0.305209
0.30511
0.305011
0.304912
0.304812
0.304713
0.304614
0.304515
0.304416
0.304317
0.304218
0.304119
0.30402
0.30392
0.303821
0.303722
0.303623
0.303524
0.303425
0.303326
0.303227
0.303127
0.303028
0.302929
0.30283
0.302731
0.302632
0.302533
0.302434
0.302334
0.302235
0.302136
0.302037
0.301938
0.301839
0.30174
0.30164
0.301541
0.301442
0.301343
0.301244
0.301145
0.301046
0.300946
0.300847
0.300748
0.300649
0.30055
0.300451
0.300351
0.300252
0.300153
0.300054
0.299955
0.299856
0.299757
0.299657
0.299558
0.299459
0.29936
0.299261
0.299162
0.299062
0.298963
0.298864
0.298765
0.298666
0.298567
0.298467
0.298368
0.298269
0.29817
0.298071
0.297972
0.297872
0.297773
0.297674
0.297575
0.297476
0.297376
0.297277
0.297178
0.297079
0.29698
0.296881
0.296781
0.296682
0.296583
0.296484
0.296385
0.296285
0.296186
0.296087
0.295988
0.295889
0.295789
0.29569
0.295591
0.295492
0.295393
0.295293
0.295194
0.295095
0.294996
0.294897
0.294797
0.294698
0.294599
0.2945
0.294401
0.294301
0.294202
0.294103
0.294004
0.293905
0.293805
0.293706
0.293607
0.293508
0.293408
0.293309
0.29321
0.293111
0.293012
0.292912
0.292813
0.292714
0.292615
0.292515
0.292416
0.292317
0.292218
0.292119
0.292019
0.29192
0.291821
0.291722
0.291622
0.291523
0.291424
0.291325
0.291226
0.291126
0.291027
0.290928
0.290829
0.290729
0.29063
0.290531
0.290432
0.290332
0.290233
0.290134
0.290035
0.289935
0.289836
0.289737
0.289638
0.289538
0.289439
0.28934
0.289241
0.289141
0.289042
0.288943
0.288844
0.288744
0.288645
0.288546
0.288447
0.288347
0.288248
0.288149
0.28805
0.28795
0.287851
0.287752
0.287653
0.287553
0.287454
0.287355
0.287255
0.287156
0.287057
0.286958
0.286858
0.286759
0.28666
0.286561
0.286461
0.286362
0.286263
0.286163
0.286064
0.285965
0.285866
0.285766
0.285667
0.285568
0.285468
0.285369
0.28527
0.285171
0.285071
0.284972
0.284873
0.284773
0.284674
0.284575
0.284476
0.284376
0.284277
0.284178
0.284078
0.283979
0.28388
0.283781
0.283681
0.283582
0.283483
0.283383
0.283284
0.283185
0.283085
0.282986
0.282887
0.282788
0.282688
0.282589
0.28249
0.28239
0.282291
0.282192
0.282092
0.281993
0.281894
0.281794
0.281695
0.281596
0.281497
0.281397
0.281298
0.281199
0.281099
0.281
0.280901
0.280801
0.280702
0.280603
0.280503
0.280404
0.280305
0.280205
0.280106
0.280007
0.279907
0.279808
0.279709
0.279609
0.27951
0.279411
0.279311
0.279212
0.279113
0.279013
0.278914
0.278815
0.278715
0.278616
0.278517
0.278417
0.278318
0.278219
0.278119
0.27802
0.277921
0.277821
0.277722
0.277623
0.277523
0.277424
0.277325
0.277225
0.277126
0.277027
0.276927
0.276828
0.276729
0.276629
0.27653
0.276431
0.276331
0.276232
0.276133
0.276033
0.275934
0.275834
0.275735
0.275636
0.275536
0.275437
0.275338
0.275238
0.275139
0.27504
0.27494
0.274841
0.274741
0.274642
0.274543
0.274443
0.274344
0.274245
0.274145
0.274046
0.273947
0.273847
0.273748
0.273648
0.273549
0.27345
0.27335
0.273251
0.273152
0.273052
0.272953
0.272853
0.272754
0.272655
0.272555
0.272456
0.272357
0.272257
0.272158
0.272058
0.271959
0.27186
0.27176
0.271661
0.271561
0.271462
0.271363
0.271263
0.271164
0.271065
0.270965
0.270866
0.270766
0.270667
0.270568
0.270468
0.270369
0.270269
0.27017
0.270071
0.269971
0.269872
0.269772
0.269673
0.269574
0.269474
0.269375
0.269275
0.269176
0.269077
0.268977
0.268878
0.268778
0.268679
0.26858
0.26848
0.268381
0.268281
0.268182
0.268083
0.267983
0.267884
0.267784
0.267685
0.267586
0.267486
0.267387
0.267287
0.267188
0.267088
0.266989
0.26689
0.26679
0.266691
0.266591
0.266492
0.266392
0.266293
0.266194
0.266094
0.265995
0.265895
0.265796
0.265697
0.265597
0.265498
0.265398
0.265299
0.265199
0.2651
0.265001
0.264901
0.264802
0.264702
0.264603
0.264503
0.264404
0.264305
0.264205
0.264106
0.264006
0.263907
0.263807
0.263708
0.263608
0.263509
0.26341
0.26331
0.263211
0.263111
0.263012
0.262912
0.262813
0.262713
0.262614
0.262515
0.262415
0.262316
0.262216
0.262117
0.262017
0.261918
0.261818
0.261719
0.26162
0.26152
0.261421
0.261321
0.261222
0.261122
0.261023
0.260923
0.260824
0.260724
0.260625
0.260526
0.260426
0.260327
0.260227
0.260128
0.260028
0.259929
0.259829
0.25973
0.25963
0.259531
0.259431
0.259332
0.259233
0.259133
0.259034
0.258934
0.258835
0.258735
0.258636
0.258536
0.258437
0.258337
0.258238
0.258138
0.258039
0.257939
0.25784
0.25774
0.257641
0.257542
0.257442
0.257343
0.257243
0.257144
0.257044
0.256945
0.256845
0.256746
0.256646
0.256547
0.256447
0.256348
0.256248
0.256149
0.256049
0.25595
0.25585
0.255751
0.255651
0.255552
0.255452
0.255353
0.255253
0.255154
0.255054
0.254955
0.254855
0.254756
0.254656
0.254557
0.254457
0.254358
0.254258
0.254159
0.254059
0.25396
0.25386
0.253761
0.253661
0.253562
0.253462
0.253363
0.253263
0.253164
0.253064
0.252965
0.252865
0.252766
0.252666
0.252567
0.252467
0.252368
0.252268
0.252169
0.252069
0.25197
0.25187
0.251771
0.251671
0.251572
0.251472
0.251373
0.251273
0.251174
0.251074
0.250975
0.250875
0.250776
0.250676
0.250577
0.250477
0.250378
0.250278
0.250179
0.250079
0.24998
0.24988
0.249781
0.249681
0.249581
0.249482
0.249382
0.249283
0.249183
0.249084
0.248984
0.248885
0.248785
0.248686
0.248586
0.248487
0.248387
0.248288
0.248188
0.248089
0.247989
0.24789
0.24779
0.24769
0.247591
0.247491
0.247392
0.247292
0.247193
0.247093
0.246994
0.246894
0.246795
0.246695
0.246596
0.246496
0.246396
0.246297
0.246197
0.246098
0.245998
0.245899
0.245799
0.2457
0.2456
0.245501
0.245401
0.245302
0.245202
0.245102
0.245003
0.244903
0.244804
0.244704
0.244605
0.244505
0.244406
0.244306
0.244206
0.244107
0.244007
0.243908
0.243808
0.243709
0.243609
0.24351
0.24341
0.24331
0.243211
0.243111
0.243012
0.242912
0.242813
0.242713
0.242614
0.242514
0.242414
0.242315
0.242215
0.242116
0.242016
0.241917
0.241817
0.241718
0.241618
0.241518
0.241419
0.241319
0.24122
0.24112
0.241021
0.240921
0.240821
0.240722
0.240622
0.240523
0.240423
0.240324
0.240224
0.240124
0.240025
0.239925
0.239826
0.239726
0.239627
0.239527
0.239427
0.239328
0.239228
0.239129
0.239029
0.238929
0.23883
0.23873
0.238631
0.238531
0.238432
0.238332
0.238232
0.238133
0.238033
0.237934
0.237834
0.237735
0.237635
0.237535
0.237436
0.237336
0.237237
0.237137
0.237037
0.236938
0.236838
0.236739
0.236639
0.236539
0.23644
0.23634
0.236241
0.236141
0.236041
0.235942
0.235842
0.235743
0.235643
0.235544
0.235444
0.235344
0.235245
0.235145
0.235046
0.234946
0.234846
0.234747
0.234647
0.234548
0.234448
0.234348
0.234249
0.234149
0.23405
0.23395
0.23385
0.233751
0.233651
0.233552
0.233452
0.233352
0.233253
0.233153
0.233053
0.232954
0.232854
0.232755
0.232655
0.232555
0.232456
0.232356
0.232257
0.232157
0.232057
0.231958
0.231858
0.231759
0.231659
0.231559
0.23146
0.23136
0.23126
0.231161
0.231061
0.230962
0.230862
0.230762
0.230663
0.230563
0.230464
0.230364
0.230264
0.230165
0.230065
0.229965
0.229866
0.229766
0.229667
0.229567
0.229467
0.229368
0.229268
0.229168
0.229069
0.228969
0.22887
0.22877
0.22867
0.228571
0.228471
0.228371
0.228272
0.228172
0.228073
0.227973
0.227873
0.227774
0.227674
0.227574
0.227475
0.227375
0.227275
0.227176
0.227076
0.226977
0.226877
0.226777
0.226678
0.226578
0.226478
0.226379
0.226279
0.226179
0.22608
0.22598
0.225881
0.225781
0.225681
0.225582
0.225482
0.225382
0.225283
0.225183
0.225083
0.224984
0.224884
0.224784
0.224685
0.224585
0.224486
0.224386
0.224286
0.224187
0.224087
0.223987
0.223888
0.223788
0.223688
0.223589
0.223489
0.223389
0.22329
0.22319
0.22309
0.222991
0.222891
0.222792
0.222692
0.222592
0.222493
0.222393
0.222293
0.222194
0.222094
0.221994
0.221895
0.221795
0.221695
0.221596
0.221496
0.221396
0.221297
0.221197
0.221097
0.220998
0.220898
0.220798
0.220699
0.220599
0.220499
0.2204
0.2203
0.2202
0.220101
0.220001
0.219901
0.219802
0.219702
0.219602
0.219503
0.219403
0.219303
0.219204
0.219104
0.219004
0.218905
0.218805
0.218705
0.218606
0.218506
0.218406
0.218307
0.218207
0.218107
0.218008
0.217908
0.217808
0.217709
0.217609
0.217509
0.21741
0.21731
0.21721
0.217111
0.217011
0.216911
0.216812
0.216712
0.216612
0.216513
0.216413
0.216313
0.216214
0.216114
0.216014
0.215914
0.215815
0.215715
0.215615
0.215516
0.215416
0.215316
0.215217
0.215117
0.215017
0.214918
0.214818
0.214718
0.214619
0.214519
0.214419
0.21432
0.21422
0.21412
0.21402
0.213921
0.213821
0.213721
0.213622
0.213522
0.213422
0.213323
0.213223
0.213123
0.213024
0.212924
0.212824
0.212724
0.212625
0.212525
0.212425
0.212326
0.212226
0.212126
0.212027
0.211927
0.211827
0.211728
0.211628
0.211528
0.211428
0.211329
0.211229
0.211129
0.21103
0.21093
0.21083
0.210731
0.210631
0.210531
0.210431
0.210332
0.210232
0.210132
0.210033
0.209933
0.209833
0.209733
0.209634
0.209534
0.209434
0.209335
0.209235
0.209135
0.209036
0.208936
0.208836
0.208736
0.208637
0.208537
0.208437
0.208338
0.208238
0.208138
0.208038
0.207939
0.207839
0.207739
0.20764
0.20754
0.20744
0.20734
0.207241
0.207141
0.207041
0.206942
0.206842
0.206742
0.206642
0.206543
0.206443
0.206343
0.206244
0.206144
0.206044
0.205944
0.205845
0.205745
0.205645
0.205546
0.205446
0.205346
0.205246
0.205147
0.205047
0.204947
0.204847
0.204748
0.204648
0.204548
0.204449
0.204349
0.204249
0.204149
0.20405
0.20395
0.20385
0.203751
0.203651
0.203551
0.203451
0.203352
0.203252
0.203152
0.203052
0.202953
0.202853
0.202753
0.202654
0.202554
0.202454
0.202354
0.202255
0.202155
0.202055
0.201955
0.201856
0.201756
0.201656
0.201556
0.201457
0.201357
0.201257
0.201158
0.201058
0.200958
0.200858
0.200759
0.200659
0.200559
0.200459
0.20036
0.20026
0.20016
0.20006
0.199961
0.199861
0.199761
0.199661
0.199562
0.199462
0.199362
0.199262
0.199163
0.199063
0.198963
0.198863
0.198764
0.198664
0.198564
0.198465
0.198365
0.198265
0.198165
0.198066
0.197966
0.197866
0.197766
0.197667
0.197567
0.197467
0.197367
0.197268
0.197168
0.197068
0.196968
0.196869
0.196769
0.196669
0.196569
0.19647
0.19637
0.19627
0.19617
0.196071
0.195971
0.195871
0.195771
0.195672
0.195572
0.195472
0.195372
0.195273
0.195173
0.195073
0.194973
0.194874
0.194774
0.194674
0.194574
0.194474
0.194375
0.194275
0.194175
0.194075
0.193976
0.193876
0.193776
0.193676
0.193577
0.193477
0.193377
0.193277
0.193178
0.193078
0.192978
0.192878
0.192779
0.192679
0.192579
0.192479
0.192379
0.19228
0.19218
0.19208
0.19198
0.191881
0.191781
0.191681
0.191581
0.191482
0.191382
0.191282
0.191182
0.191083
0.190983
0.190883
0.190783
0.190683
0.190584
0.190484
0.190384
0.190284
0.190185
0.190085
0.189985
0.189885
0.189786
0.189686
0.189586
0.189486
0.189386
0.189287
0.189187
0.189087
0.188987
0.188888
0.188788
0.188688
0.188588
0.188488
0.188389
0.188289
0.188189
0.188089
0.18799
0.18789
0.18779
0.18769
0.18759
0.187491
0.187391
0.187291
0.187191
0.187092
0.186992
0.186892
0.186792
0.186692
0.186593
0.186493
0.186393
0.186293
0.186194
0.186094
0.185994
0.185894
0.185794
0.185695
0.185595
0.185495
0.185395
0.185295
0.185196
0.185096
0.184996
0.184896
0.184797
0.184697
0.184597
0.184497
0.184397
0.184298
0.184198
0.184098
0.183998
0.183898
0.183799
0.183699
0.183599
0.183499
0.183399
0.1833
0.1832
0.1831
0.183
0.182901
0.182801
0.182701
0.182601
0.182501
0.182402
0.182302
0.182202
0.182102
0.182002
0.181903
0.181803
0.181703
0.181603
0.181503
0.181404
0.181304
0.181204
0.181104
0.181004
0.180905
0.180805
0.180705
0.180605
0.180505
0.180406
0.180306
0.180206
0.180106
0.180006
0.179907
0.179807
0.179707
0.179607
0.179507
0.179408
0.179308
0.179208
0.179108
0.179008
0.178909
0.178809
0.178709
0.178609
0.178509
0.17841
0.17831
0.17821
0.17811
0.17801
0.177911
0.177811
0.177711
0.177611
0.177511
0.177412
0.177312
0.177212
0.177112
0.177012
0.176912
0.176813
0.176713
0.176613
0.176513
0.176413
0.176314
0.176214
0.176114
0.176014
0.175914
0.175815
0.175715
0.175615
0.175515
0.175415
0.175316
0.175216
0.175116
0.175016
0.174916
0.174816
0.174717
0.174617
0.174517
0.174417
0.174317
0.174218
0.174118
0.174018
0.173918
0.173818
0.173718
0.173619
0.173519
0.173419
0.173319
0.173219
0.17312
0.17302
0.17292
0.17282
0.17272
0.17262
0.172521
0.172421
0.172321
0.172221
0.172121
0.172022
0.171922
0.171822
0.171722
0.171622
0.171522
0.171423
0.171323
0.171223
0.171123
0.171023
0.170923
0.170824
0.170724
0.170624
0.170524
0.170424
0.170325
0.170225
0.170125
0.170025
0.169925
0.169825
0.169726
0.169626
0.169526
0.169426
0.169326
0.169226
0.169127
0.169027
0.168927
0.168827
0.168727
0.168627
0.168528
0.168428
0.168328
0.168228
0.168128
0.168028
0.167929
0.167829
0.167729
0.167629
0.167529
0.167429
0.16733
0.16723
0.16713
0.16703
0.16693
0.16683
0.166731
0.166631
0.166531
0.166431
0.166331
0.166231
0.166132
0.166032
0.165932
0.165832
0.165732
0.165632
0.165533
0.165433
0.165333
0.165233
0.165133
0.165033
0.164934
0.164834
0.164734
0.164634
0.164534
0.164434
0.164335
0.164235
0.164135
0.164035
0.163935
0.163835
0.163735
0.163636
0.163536
0.163436
0.163336
0.163236
0.163136
0.163037
0.162937
0.162837
0.162737
0.162637
0.162537
0.162438
0.162338
0.162238
0.162138
0.162038
0.161938
0.161838
0.161739
0.161639
0.161539
0.161439
0.161339
0.161239
0.16114
0.16104
0.16094
0.16084
0.16074
0.16064
0.16054
0.160441
0.160341
0.160241
0.160141
0.160041
0.159941
0.159841
0.159742
0.159642
0.159542
0.159442
0.159342
0.159242
0.159143
0.159043
0.158943
0.158843
0.158743
0.158643
0.158543
0.158444
0.158344
0.158244
0.158144
0.158044
0.157944
0.157844
0.157745
0.157645
0.157545
0.157445
0.157345
0.157245
0.157145
0.157046
0.156946
0.156846
0.156746
0.156646
0.156546
0.156446
0.156347
0.156247
0.156147
0.156047
0.155947
0.155847
0.155747
0.155648
0.155548
0.155448
0.155348
0.155248
0.155148
0.155048
0.154949
0.154849
0.154749
0.154649
0.154549
0.154449
0.154349
0.154249
0.15415
0.15405
0.15395
0.15385
0.15375
0.15365
0.15355
0.153451
0.153351
0.153251
0.153151
0.153051
0.152951
0.152851
0.152752
0.152652
0.152552
0.152452
0.152352
0.152252
0.152152
0.152052
0.151953
0.151853
0.151753
0.151653
0.151553
0.151453
0.151353
0.151253
0.151154
0.151054
0.150954
0.150854
0.150754
0.150654
0.150554
0.150455
0.150355
0.150255
0.150155
0.150055
0.149955
0.149855
0.149755
0.149656
0.149556
0.149456
0.149356
0.149256
0.149156
0.149056
0.148956
0.148857
0.148757
0.148657
0.148557
0.148457
0.148357
0.148257
0.148157
0.148058
0.147958
0.147858
0.147758
0.147658
0.147558
0.147458
0.147358
0.147259
0.147159
0.147059
0.146959
0.146859
0.146759
0.146659
0.146559
0.14646
0.14636
0.14626
0.14616
0.14606
0.14596
0.14586
0.14576
0.14566
0.145561
0.145461
0.145361
0.145261
0.145161
0.145061
0.144961
0.144861
0.144762
0.144662
0.144562
0.144462
0.144362
0.144262
0.144162
0.144062
0.143962
0.143863
0.143763
0.143663
0.143563
0.143463
0.143363
0.143263
0.143163
0.143064
0.142964
0.142864
0.142764
0.142664
0.142564
0.142464
0.142364
0.142264
0.142165
0.142065
0.141965
0.141865
0.141765
0.141665
0.141565
0.141465
0.141365
0.141266
0.141166
0.141066
0.140966
0.140866
0.140766
0.140666
0.140566
0.140466
0.140367
0.140267
0.140167
0.140067
0.139967
0.139867
0.139767
0.139667
0.139567
0.139468
0.139368
0.139268
0.139168
0.139068
0.138968
0.138868
0.138768
0.138668
0.138568
0.138469
0.138369
0.138269
0.138169
0.138069
0.137969
0.137869
0.137769
0.137669
0.13757
0.13747
0.13737
0.13727
0.13717
0.13707
0.13697
0.13687
0.13677
0.13667
0.136571
0.136471
0.136371
0.136271
0.136171
0.136071
0.135971
0.135871
0.135771
0.135671
0.135572
0.135472
0.135372
0.135272
0.135172
0.135072
0.134972
0.134872
0.134772
0.134672
0.134573
0.134473
0.134373
0.134273
0.134173
0.134073
0.133973
0.133873
0.133773
0.133673
0.133574
0.133474
0.133374
0.133274
0.133174
0.133074
0.132974
0.132874
0.132774
0.132674
0.132575
0.132475
0.132375
0.132275
0.132175
0.132075
0.131975
0.131875
0.131775
0.131675
0.131575
0.131476
0.131376
0.131276
0.131176
0.131076
0.130976
0.130876
0.130776
0.130676
0.130576
0.130476
0.130377
0.130277
0.130177
0.130077
0.129977
0.129877
0.129777
0.129677
0.129577
0.129477
0.129378
0.129278
0.129178
0.129078
0.128978
0.128878
0.128778
0.128678
0.128578
0.128478
0.128378
0.128278
0.128179
0.128079
0.127979
0.127879
0.127779
0.127679
0.127579
0.127479
0.127379
0.127279
0.127179
0.12708
0.12698
0.12688
0.12678
0.12668
0.12658
0.12648
0.12638
0.12628
0.12618
0.12608
0.12598
0.125881
0.125781
0.125681
0.125581
0.125481
0.125381
0.125281
0.125181
0.125081
0.124981
0.124881
0.124781
0.124682
0.124582
0.124482
0.124382
0.124282
0.124182
0.124082
0.123982
0.123882
0.123782
0.123682
0.123582
0.123483
0.123383
0.123283
0.123183
0.123083
0.122983
0.122883
0.122783
0.122683
0.122583
0.122483
0.122383
0.122283
0.122184
0.122084
0.121984
0.121884
0.121784
0.121684
0.121584
0.121484
0.121384
0.121284
0.121184
0.121084
0.120985
0.120885
0.120785
0.120685
0.120585
0.120485
0.120385
0.120285
0.120185
0.120085
0.119985
0.119885
0.119785
0.119685
0.119586
0.119486
0.119386
0.119286
0.119186
0.119086
0.118986
0.118886
0.118786
0.118686
0.118586
0.118486
0.118386
0.118287
0.118187
0.118087
0.117987
0.117887
0.117787
0.117687
0.117587
0.117487
0.117387
0.117287
0.117187
0.117087
0.116987
0.116888
0.116788
0.116688
0.116588
0.116488
0.116388
0.116288
0.116188
0.116088
0.115988
0.115888
0.115788
0.115688
0.115588
0.115488
0.115389
0.115289
0.115189
0.115089
0.114989
0.114889
0.114789
0.114689
0.114589
0.114489
0.114389
0.114289
0.114189
0.114089
0.11399
0.11389
0.11379
0.11369
0.11359
0.11349
0.11339
0.11329
0.11319
0.11309
0.11299
0.11289
0.11279
0.11269
0.11259
0.11249
0.112391
0.112291
0.112191
0.112091
0.111991
0.111891
0.111791
0.111691
0.111591
0.111491
0.111391
0.111291
0.111191
0.111091
0.110991
0.110892
0.110792
0.110692
0.110592
0.110492
0.110392
0.110292
0.110192
0.110092
0.109992
0.109892
0.109792
0.109692
0.109592
0.109492
0.109392
0.109292
0.109193
0.109093
0.108993
0.108893
0.108793
0.108693
0.108593
0.108493
0.108393
0.108293
0.108193
0.108093
0.107993
0.107893
0.107793
0.107693
0.107593
0.107494
0.107394
0.107294
0.107194
0.107094
0.106994
0.106894
0.106794
0.106694
0.106594
0.106494
0.106394
0.106294
0.106194
0.106094
0.105994
0.105894
0.105794
0.105695
0.105595
0.105495
0.105395
0.105295
0.105195
0.105095
0.104995
0.104895
0.104795
0.104695
0.104595
0.104495
0.104395
0.104295
0.104195
0.104095
0.103995
0.103896
0.103796
0.103696
0.103596
0.103496
0.103396
0.103296
0.103196
0.103096
0.102996
0.102896
0.102796
0.102696
0.102596
0.102496
0.102396
0.102296
0.102196
0.102096
0.101997
0.101897
0.101797
0.101697
0.101597
0.101497
0.101397
0.101297
0.101197
0.101097
0.100997
0.100897
0.100797
0.100697
0.100597
0.100497
0.100397
0.100297
0.100197
0.100097
0.0999975
0.0998975
0.0997976
0.0996976
0.0995977
0.0994977
0.0993978
0.0992978
0.0991979
0.0990979
0.098998
0.098898
0.0987981
0.0986981
0.0985981
0.0984982
0.0983982
0.0982983
0.0981983
0.0980984
0.0979984
0.0978985
0.0977985
0.0976986
0.0975986
0.0974986
0.0973987
0.0972987
0.0971988
0.0970988
0.0969989
0.0968989
0.096799
0.096699
0.096599
0.0964991
0.0963991
0.0962992
0.0961992
0.0960993
0.0959993
0.0958993
0.0957994
0.0956994
0.0955995
0.0954995
0.0953996
0.0952996
0.0951996
0.0950997
0.0949997
0.0948998
0.0947998
0.0946999
0.0945999
0.0944999
0.0944
0.0943
0.0942001
0.0941001
0.0940001
0.0939002
0.0938002
0.0937003
0.0936003
0.0935003
0.0934004
0.0933004
0.0932005
0.0931005
0.0930005
0.0929006
0.0928006
0.0927007
0.0926007
0.0925007
0.0924008
0.0923008
0.0922009
0.0921009
0.0920009
0.091901
0.091801
0.091701
0.0916011
0.0915011
0.0914012
0.0913012
0.0912012
0.0911013
0.0910013
0.0909014
0.0908014
0.0907014
0.0906015
0.0905015
0.0904015
0.0903016
0.0902016
0.0901016
0.0900017
0.0899017
0.0898018
0.0897018
0.0896018
0.0895019
0.0894019
0.0893019
0.089202
0.089102
0.089002
0.0889021
0.0888021
0.0887021
0.0886022
0.0885022
0.0884022
0.0883023
0.0882023
0.0881023
0.0880024
0.0879024
0.0878024
0.0877025
0.0876025
0.0875026
0.0874026
0.0873026
0.0872027
0.0871027
0.0870027
0.0869027
0.0868028
0.0867028
0.0866028
0.0865029
0.0864029
0.0863029
0.086203
0.086103
0.086003
0.0859031
0.0858031
0.0857031
0.0856032
0.0855032
0.0854032
0.0853033
0.0852033
0.0851033
0.0850034
0.0849034
0.0848034
0.0847034
0.0846035
0.0845035
0.0844035
0.0843036
0.0842036
0.0841036
0.0840037
0.0839037
0.0838037
0.0837037
0.0836038
0.0835038
0.0834038
0.0833039
0.0832039
0.0831039
0.0830039
0.082904
0.082804
0.082704
0.0826041
0.0825041
0.0824041
0.0823041
0.0822042
0.0821042
0.0820042
0.0819043
0.0818043
0.0817043
0.0816043
0.0815044
0.0814044
0.0813044
0.0812044
0.0811045
0.0810045
0.0809045
0.0808046
0.0807046
0.0806046
0.0805046
0.0804047
0.0803047
0.0802047
0.0801047
0.0800048
0.0799048
0.0798048
0.0797048
0.0796049
0.0795049
0.0794049
0.0793049
0.079205
0.079105
0.079005
0.078905
0.0788051
0.0787051
0.0786051
0.0785051
0.0784052
0.0783052
0.0782052
0.0781052
0.0780052
0.0779053
0.0778053
0.0777053
0.0776053
0.0775054
0.0774054
0.0773054
0.0772054
0.0771055
0.0770055
0.0769055
0.0768055
0.0767055
0.0766056
0.0765056
0.0764056
0.0763056
0.0762057
0.0761057
0.0760057
0.0759057
0.0758057
0.0757058
0.0756058
0.0755058
0.0754058
0.0753058
0.0752059
0.0751059
0.0750059
0.0749059
0.074806
0.074706
0.074606
0.074506
0.074406
0.0743061
0.0742061
0.0741061
0.0740061
0.0739061
0.0738062
0.0737062
0.0736062
0.0735062
0.0734062
0.0733062
0.0732063
0.0731063
0.0730063
0.0729063
0.0728063
0.0727064
0.0726064
0.0725064
0.0724064
0.0723064
0.0722065
0.0721065
0.0720065
0.0719065
0.0718065
0.0717065
0.0716066
0.0715066
0.0714066
0.0713066
0.0712066
0.0711066
0.0710067
0.0709067
0.0708067
0.0707067
0.0706067
0.0705067
0.0704068
0.0703068
0.0702068
0.0701068
0.0700068
0.0699068
0.0698069
0.0697069
0.0696069
0.0695069
0.0694069
0.0693069
0.0692069
0.069107
0.069007
0.068907
0.068807
0.068707
0.068607
0.0685071
0.0684071
0.0683071
0.0682071
0.0681071
0.0680071
0.0679071
0.0678072
0.0677072
0.0676072
0.0675072
0.0674072
0.0673072
0.0672072
0.0671072
0.0670073
0.0669073
0.0668073
0.0667073
0.0666073
0.0665073
0.0664073
0.0663074
0.0662074
0.0661074
0.0660074
0.0659074
0.0658074
0.0657074
0.0656074
0.0655074
0.0654075
0.0653075
0.0652075
0.0651075
0.0650075
0.0649075
0.0648075
0.0647075
0.0646076
0.0645076
0.0644076
0.0643076
0.0642076
0.0641076
0.0640076
0.0639076
0.0638076
0.0637076
0.0636077
0.0635077
0.0634077
0.0633077
0.0632077
0.0631077
0.0630077
0.0629077
0.0628077
0.0627077
0.0626078
0.0625078
0.0624078
0.0623078
0.0622078
0.0621078
0.0620078
0.0619078
0.0618078
0.0617078
0.0616078
0.0615079
0.0614079
0.0613079
0.0612079
0.0611079
0.0610079
0.0609079
0.0608079
0.0607079
0.0606079
0.0605079
0.0604079
0.060308
0.060208
0.060108
0.060008
0.059908
0.059808
0.059708
0.059608
0.059508
0.059408
0.059308
0.059208
0.059108
0.059008
0.058908
0.0588081
0.0587081
0.0586081
0.0585081
0.0584081
0.0583081
0.0582081
0.0581081
0.0580081
0.0579081
0.0578081
0.0577081
0.0576081
0.0575081
0.0574081
0.0573081
0.0572081
0.0571081
0.0570082
0.0569082
0.0568082
0.0567082
0.0566082
0.0565082
0.0564082
0.0563082
0.0562082
0.0561082
0.0560082
0.0559082
0.0558082
0.0557082
0.0556082
0.0555082
0.0554082
0.0553082
0.0552082
0.0551082
0.0550082
0.0549082
0.0548082
0.0547082
0.0546082
0.0545082
0.0544083
0.0543083
0.0542083
0.0541083
0.0540083
0.0539083
0.0538083
0.0537083
0.0536083
0.0535083
0.0534083
0.0533083
0.0532083
0.0531083
0.0530083
0.0529083
0.0528083
0.0527083
0.0526083
0.0525083
0.0524083
0.0523083
0.0522083
0.0521083
0.0520083
0.0519083
0.0518083
0.0517083
0.0516083
0.0515083
0.0514083
0.0513083
0.0512083
0.0511083
0.0510083
0.0509083
0.0508083
0.0507083
0.0506083
0.0505083
0.0504083
0.0503083
0.0502083
0.0501083
0.0500083
0.0499083
0.0498083
0.0497083
0.0496083
0.0495083
0.0494083
0.0493083
0.0492083
0.0491083
0.0490083
0.0489083
0.0488083
0.0487083
0.0486083
0.0485083
0.0484083
0.0483083
0.0482083
0.0481083
0.0480083
0.0479083
0.0478083
0.0477083
0.0476083
0.0475083
0.0474083
0.0473083
0.0472082
0.0471082
0.0470082
0.0469082
0.0468082
0.0467082
0.0466082
0.0465082
0.0464082
0.0463082
0.0462082
0.0461082
0.0460082
0.0459082
0.0458082
0.0457082
0.0456082
0.0455082
0.0454082
0.0453082
0.0452082
0.0451082
0.0450082
0.0449082
0.0448082
0.0447082
0.0446082
0.0445082
0.0444081
0.0443081
0.0442081
0.0441081
0.0440081
0.0439081
0.0438081
0.0437081
0.0436081
0.0435081
0.0434081
0.0433081
0.0432081
0.0431081
0.0430081
0.0429081
0.0428081
0.0427081
0.042608
0.042508
0.042408
0.042308
0.042208
0.042108
0.042008
0.041908
0.041808
0.041708
0.041608
0.041508
0.041408
0.041308
0.041208
0.041108
0.0410079
0.0409079
0.0408079
0.0407079
0.0406079
0.0405079
0.0404079
0.0403079
0.0402079
0.0401079
0.0400079
0.0399079
0.0398079
0.0397078
0.0396078
0.0395078
0.0394078
0.0393078
0.0392078
0.0391078
0.0390078
0.0389078
0.0388078
0.0387078
0.0386078
0.0385077
0.0384077
0.0383077
0.0382077
0.0381077
0.0380077
0.0379077
0.0378077
0.0377077
0.0376077
0.0375077
0.0374076
0.0373076
0.0372076
0.0371076
0.0370076
0.0369076
0.0368076
0.0367076
0.0366076
0.0365076
0.0364075
0.0363075
0.0362075
0.0361075
0.0360075
0.0359075
0.0358075
0.0357075
0.0356075
0.0355075
0.0354074
0.0353074
0.0352074
0.0351074
0.0350074
0.0349074
0.0348074
0.0347074
0.0346074
0.0345073
0.0344073
0.0343073
0.0342073
0.0341073
0.0340073
0.0339073
0.0338073
0.0337072
0.0336072
0.0335072
0.0334072
0.0333072
0.0332072
0.0331072
0.0330072
0.0329072
0.0328071
0.0327071
0.0326071
0.0325071
0.0324071
0.0323071
0.0322071
0.0321071
0.032007
0.031907
0.031807
0.031707
0.031607
0.031507
0.031407
0.0313069
0.0312069
0.0311069
0.0310069
0.0309069
0.0308069
0.0307069
0.0306068
0.0305068
0.0304068
0.0303068
0.0302068
0.0301068
0.0300068
0.0299068
0.0298067
0.0297067
0.0296067
0.0295067
0.0294067
0.0293067
0.0292066
0.0291066
0.0290066
0.0289066
0.0288066
0.0287066
0.0286066
0.0285065
0.0284065
0.0283065
0.0282065
0.0281065
0.0280065
0.0279065
0.0278064
0.0277064
0.0276064
0.0275064
0.0274064
0.0273064
0.0272063
0.0271063
0.0270063
0.0269063
0.0268063
0.0267063
0.0266062
0.0265062
0.0264062
0.0263062
0.0262062
0.0261062
0.0260061
0.0259061
0.0258061
0.0257061
0.0256061
0.0255061
0.025406
0.025306
0.025206
0.025106
0.025006
0.024906
0.0248059
0.0247059
0.0246059
0.0245059
0.0244059
0.0243059
0.0242058
0.0241058
0.0240058
0.0239058
0.0238058
0.0237058
0.0236057
0.0235057
0.0234057
0.0233057
0.0232057
0.0231056
0.0230056
0.0229056
0.0228056
0.0227056
0.0226056
0.0225055
0.0224055
0.0223055
0.0222055
0.0221055
0.0220054
0.0219054
0.0218054
0.0217054
0.0216054
0.0215053
0.0214053
0.0213053
0.0212053
0.0211053
0.0210052
0.0209052
0.0208052
0.0207052
0.0206052
0.0205051
0.0204051
0.0203051
0.0202051
0.0201051
0.020005
0.019905
0.019805
0.019705
0.019605
0.0195049
0.0194049
0.0193049
0.0192049
0.0191049
0.0190048
0.0189048
0.0188048
0.0187048
0.0186048
0.0185047
0.0184047
0.0183047
0.0182047
0.0181047
0.0180046
0.0179046
0.0178046
0.0177046
0.0176046
0.0175045
0.0174045
0.0173045
0.0172045
0.0171044
0.0170044
0.0169044
0.0168044
0.0167044
0.0166043
0.0165043
0.0164043
0.0163043
0.0162042
0.0161042
0.0160042
0.0159042
0.0158042
0.0157041
0.0156041
0.0155041
0.0154041
0.015304
0.015204
0.015104
0.015004
0.014904
0.0148039
0.0147039
0.0146039
0.0145039
0.0144038
0.0143038
0.0142038
0.0141038
0.0140037
0.0139037
0.0138037
0.0137037
0.0136037
0.0135036
0.0134036
0.0133036
0.0132036
0.0131035
0.0130035
0.0129035
0.0128035
0.0127034
0.0126034
0.0125034
0.0124034
0.0123033
0.0122033
0.0121033
0.0120033
0.0119032
0.0118032
0.0117032
0.0116032
0.0115031
0.0114031
0.0113031
0.0112031
0.0111031
0.011003
0.010903
0.010803
0.010703
0.0106029
0.0105029
0.0104029
0.0103029
0.0102028
0.0101028
0.0100028
0.00990275
0.00980272
0.0097027
0.00960267
0.00950265
0.00940262
0.0093026
0.00920257
0.00910255
0.00900252
0.00890249
0.00880247
0.00870244
0.00860242
0.00850239
0.00840236
0.00830234
0.00820231
0.00810228
0.00800226
0.00790223
0.00780221
0.00770218
0.00760215
0.00750213
0.0074021
0.00730207
0.00720205
0.00710202
0.00700199
0.00690197
0.00680194
0.00670191
0.00660189
0.00650186
0.00640183
0.0063018
0.00620178
0.00610175
0.00600172
0.0059017
0.00580167
0.00570164
0.00560161
0.00550159
0.00540156
0.00530153
0.0052015
0.00510147
0.00500145
0.00490142
0.00480139
0.00470136
0.00460134
0.00450131
0.00440128
0.00430125
0.00420122
0.0041012
0.00400117
0.00390114
0.00380111
0.00370108
0.00360105
0.00350103
0.003401
0.00330097
0.00320094
0.00310091
0.00300088
0.00290085
0.00280082
0.0027008
0.00260077
0.00250074
0.00240071
0.00230068
0.00220065
0.00210062
0.00200059
0.00190056
0.00180053
0.00170051
0.00160048
0.00150045
0.00140042
0.00130039
0.00120036
0.00110033
0.0010003
0.000900269
0.000800239
0.00070021
0.00060018
0.00050015
0.00040012
0.00030009
0.00020006
0.00010003
0
