0.000000
0.017964
0.026797
0.035532
0.044170
0.052712
0.061159
0.069512
0.077771
0.085938
0.094014
0.101999
0.109895
0.117702
0.125421
0.133054
0.140600
0.148061
0.155438
0.162731
0.169941
0.177070
0.184118
0.191085
0.197973
0.204782
0.211514
0.218168
0.224746
0.231248
0.237676
0.244030
0.250310
0.256518
0.262653
0.268718
0.274712
0.280637
0.286492
0.292279
0.297999
0.303651
0.309237
0.314757
0.320213
0.325604
0.330931
0.336195
0.341397
0.346537
0.351615
0.356633
0.361591
0.366490
0.371329
0.376111
0.380834
0.385501
0.390111
0.394666
0.399164
0.403608
0.407998
0.412334
0.416617
0.420847
0.425024
0.429151
0.433226
0.437250
0.441224
0.445149
0.449024
0.452851
0.456630
0.460361
0.464045
0.467682
0.471273
0.474818
0.478318
0.481773
0.485183
0.488549
0.491872
0.495152
0.498389
0.501583
0.504736
0.507847
0.510918
0.513947
0.516937
0.519887
0.522797
0.525668
0.528501
0.531295
0.534052
0.536771
0.539452
0.542097
0.544706
0.547279
0.549816
0.552318
0.554784
0.557217
0.559614
0.561978
0.564309
0.566606
0.568870
0.571102
0.573301
0.575469
0.577604
0.579709
0.581782
0.583825
0.585838
0.587820
0.589772
0.591695
0.593589
0.595454
0.597291
0.599099
0.600878
0.602631
0.604355
0.606053
0.607723
0.609367
0.610985
0.612576
0.614141
0.615681
0.617196
0.618685
0.620149
0.621589
0.623004
0.624396
0.625763
0.627107
0.628427
0.629724
0.630998
0.632250
0.633478
0.634685
0.635870
0.637032
0.638173
0.639293
0.640392
0.641469
0.642526
0.643562
0.644578
0.645574
0.646549
0.647505
0.648442
0.649359
0.650257
0.651135
0.651996
0.652837
0.653660
0.654465
0.655252
0.656021
0.656772
0.657505
0.658222
0.658921
0.659603
0.660268
0.660917
0.661549
0.662165
0.662764
0.663348
0.663916
0.664468
0.665004
0.665526
0.666032
0.666522
0.666998
0.667459
0.667906
0.668338
0.668756
0.669159
0.669548
0.669924
0.670286
0.670634
0.670968
0.671290
0.671597
0.671892
0.672174
0.672443
0.672700
0.672943
0.673175
0.673393
0.673600
0.673795
0.673977
0.674148
0.674307
0.674454
0.674590
0.674715
0.674828
0.674930
0.675021
0.675101
0.675170
0.675229
0.675277
0.675314
0.675341
0.675357
0.675364
0.675360
0.675346
0.675323
0.675289
0.675246
0.675194
0.675131
0.675060
0.674979
0.674889
0.674789
0.674681
0.674563
0.674437
0.674302
0.674158
0.674006
0.673845
0.673676
0.673498
0.673312
0.673118
0.672916
0.672706
0.672488
0.672262
0.672028
0.671786
0.671537
0.671280
0.671016
0.670745
0.670466
0.670179
0.669886
0.669585
0.669278
0.668963
0.668642
0.668314
0.667979
0.667637
0.667288
0.666933
0.666572
0.666204
0.665830
0.665449
0.665062
0.664669
0.664270
0.663865
0.663454
0.663037
0.662613
0.662185
0.661750
0.661310
0.660864
0.660412
0.659955
0.659492
0.659024
0.658551
0.658072
0.657588
0.657099
0.656604
0.656105
0.655600
0.655090
0.654576
0.654056
0.653532
0.653003
0.652469
0.651930
0.651387
0.650839
0.650286
0.649729
0.649168
0.648602
0.648031
0.647456
0.646877
0.646294
0.645706
0.645114
0.644519
0.643918
0.643314
0.642706
0.642094
0.641478
0.640858
0.640234
0.639607
0.638975
0.638340
0.637701
0.637059
0.636412
0.635763
0.635109
0.634452
0.633792
0.633128
0.632461
0.631790
0.631116
0.630439
0.629758
0.629074
0.628387
0.627696
0.627003
0.626306
0.625606
0.624904
0.624198
0.623489
0.622777
0.622062
0.621345
0.620624
0.619900
0.619174
0.618445
0.617713
0.616978
0.616241
0.615501
0.614758
0.614013
0.613265
0.612514
0.611761
0.611006
0.610247
0.609487
0.608724
0.607958
0.607190
0.606420
0.605647
0.604872
0.604094
0.603315
0.602533
0.601748
0.600962
0.600173
0.599382
0.598589
0.597794
0.596997
0.596198
0.595396
0.594593
0.593787
0.592980
0.592170
0.591358
0.590545
0.589730
0.588912
0.588093
0.587272
0.586449
0.585624
0.584797
0.583969
0.583139
0.582307
0.581473
0.580637
0.579800
0.578961
0.578121
0.577278
0.576434
0.575589
0.574742
0.573893
0.573042
0.572190
0.571337
0.570482
0.569625
0.568767
0.567908
0.567047
0.566184
0.565320
0.564455
0.563588
0.562720
0.561850
0.560979
0.560107
0.559233
0.558358
0.557482
0.556604
0.555725
0.554845
0.553964
0.553081
0.552197
0.551311
0.550425
0.549537
0.548648
0.547758
0.546867
0.545975
0.545081
0.544186
0.543290
0.542394
0.541495
0.540596
0.539696
0.538795
0.537892
0.536989
0.536085
0.535179
0.534272
0.533365
0.532456
0.531547
0.530636
0.529725
0.528813
0.527899
0.526985
0.526070
0.525153
0.524236
0.523318
0.522399
0.521480
0.520559
0.519637
0.518715
0.517792
0.516868
0.515943
0.515017
0.514090
0.513163
0.512235
0.511306
0.510376
0.509445
0.508514
0.507582
0.506649
0.505716
0.504781
0.503846
0.502910
0.501974
0.501037
0.500099
0.499160
0.498221
0.497281
0.496340
0.495399
0.494457
0.493514
0.492571
0.491627
0.490682
0.489737
0.488791
0.487845
0.486898
0.485950
0.485002
0.484053
0.483103
0.482153
0.481203
0.480251
0.479300
0.478347
0.477394
0.476441
0.475487
0.474532
0.473577
0.472622
0.471666
0.470709
0.469752
0.468794
0.467836
0.466878
0.465918
0.464959
0.463999
0.463038
0.462077
0.461116
0.460154
0.459191
0.458228
0.457265
0.456301
0.455337
0.454372
0.453407
0.452442
0.451476
0.450509
0.449543
0.448575
0.447608
0.446640
0.445672
0.444703
0.443734
0.442764
0.441794
0.440824
0.439853
0.438882
0.437911
0.436939
0.435967
0.434994
0.434021
0.433048
0.432074
0.431101
0.430126
0.429152
0.428177
0.427202
0.426226
0.425250
0.424274
0.423297
0.422320
0.421343
0.420366
0.419388
0.418410
0.417432
0.416453
0.415474
0.414495
0.413515
0.412535
0.411555
0.410575
0.409594
0.408613
0.407632
0.406651
0.405669
0.404687
0.403705
0.402722
0.401740
0.400757
0.399773
0.398790
0.397806
0.396822
0.395838
0.394853
0.393869
0.392884
0.391899
0.390913
0.389928
0.388942
0.387956
0.386970
0.385983
0.384996
0.384009
0.383022
0.382035
0.381047
0.380060
0.379072
0.378084
0.377095
0.376107
0.375118
0.374129
0.373140
0.372151
0.371161
0.370172
0.369182
0.368192
0.367201
0.366211
0.365221
0.364230
0.363239
0.362248
0.361257
0.360265
0.359274
0.358282
0.357290
0.356298
0.355306
0.354313
0.353321
0.352328
0.351335
0.350342
0.349349
0.348356
0.347362
0.346369
0.345375
0.344381
0.343387
0.342393
0.341399
0.340404
0.339410
0.338415
0.337420
0.336425
0.335430
0.334435
0.333440
0.332444
0.331449
0.330453
0.329457
0.328461
0.327465
0.326469
0.325473
0.324476
0.323480
0.322483
0.321486
0.320489
0.319492
0.318495
0.317498
0.316501
0.315503
0.314506
0.313508
0.312510
0.311513
0.310515
0.309517
0.308518
0.307520
0.306522
0.305523
0.304525
0.303526
0.302528
0.301529
0.300530
0.299531
0.298532
0.297533
0.296533
0.295534
0.294535
0.293535
0.292536
0.291536
0.290536
0.289536
0.288536
0.287536
0.286536
0.285536
0.284536
0.283535
0.282535
0.281535
0.280534
0.279533
0.278533
0.277532
0.276531
0.275530
0.274529
0.273528
0.272527
0.271526
0.270525
0.269523
0.268522
0.267520
0.266519
0.265517
0.264516
0.263514
0.262512
0.261510
0.260509
0.259507
0.258505
0.257502
0.256500
0.255498
0.254496
0.253494
0.252491
0.251489
0.250486
0.249484
0.248481
0.247479
0.246476
0.245473
0.244470
0.243467
0.242465
0.241462
0.240459
0.239456
0.238452
0.237449
0.236446
0.235443
0.234440
0.233436
0.232433
0.231429
0.230426
0.229422
0.228419
0.227415
0.226412
0.225408
0.224404
0.223400
0.222397
0.221393
0.220389
0.219385
0.218381
0.217377
0.216373
0.215369
0.214365
0.213360
0.212356
0.211352
0.210348
0.209343
0.208339
0.207334
0.206330
0.205326
0.204321
0.203317
0.202312
0.201307
0.200303
0.199298
0.198293
0.197289
0.196284
0.195279
0.194274
0.193269
0.192264
0.191259
0.190254
0.189249
0.188244
0.187239
0.186234
0.185229
0.184224
0.183219
0.182214
0.181208
0.180203
0.179198
0.178193
0.177187
0.176182
0.175177
0.174171
0.173166
0.172160
0.171155
0.170149
0.169144
0.168138
0.167133
0.166127
0.165121
0.164116
0.163110
0.162104
0.161099
0.160093
0.159087
0.158081
0.157075
0.156070
0.155064
0.154058
0.153052
0.152046
0.151040
0.150034
0.149028
0.148022
0.147016
0.146010
0.145004
0.143998
0.142992
0.141986
0.140980
0.139973
0.138967
0.137961
0.136955
0.135949
0.134942
0.133936
0.132930
0.131924
0.130917
0.129911
0.128905
0.127898
0.126892
0.125885
0.124879
0.123873
0.122866
0.121860
0.120853
0.119847
0.118840
0.117834
0.116827
0.115821
0.114814
0.113807
0.112801
0.111794
0.110788
0.109781
0.108774
0.107768
0.106761
0.105754
0.104748
0.103741
0.102734
0.101728
0.100721
0.099714
0.098707
0.097700
0.096694
0.095687
0.094680
0.093673
0.092666
0.091660
0.090653
0.089646
0.088639
0.087632
0.086625
0.085618
0.084611
0.083604
0.082597
0.081590
0.080583
0.079576
0.078569
0.077562
0.076555
0.075548
0.074541
0.073534
0.072527
0.071520
0.070513
0.069506
0.068499
0.067492
0.066485
0.065478
0.064471
0.063463
0.062456
0.061449
0.060442
0.059435
0.058428
0.057420
0.056413
0.055406
0.054399
0.053392
0.052384
0.051377
0.050370
0.049363
0.048355
0.047348
0.046341
0.045334
0.044326
0.043319
0.042312
0.041304
0.040297
0.039290
0.038283
0.037275
0.036268
0.035261
0.034253
0.033246
0.032238
0.031231
0.030224
0.029216
0.028209
0.027202
0.026194
0.025187
0.024179
0.023172
0.022165
0.021157
0.020150
0.019142
0.018135
0.017127
0.016120
0.015112
0.014105
0.013098
0.012090
0.011083
0.010075
0.009068
0.008060
0.007053
0.006045
0.005038
0.004030
0.003023
0.002015
0.001008
0.000000
