0.000000
0.176502
0.250714
0.316755
0.375410
0.427390
0.473334
0.513823
0.549382
0.580483
0.607556
0.630987
0.651125
0.668288
0.682762
0.694804
0.704648
0.712506
0.718568
0.723006
0.725978
0.727623
0.728069
0.727432
0.725815
0.723313
0.720010
0.715984
0.711304
0.706032
0.700227
0.693938
0.687213
0.680093
0.672616
0.664817
0.656726
0.648372
0.639780
0.630972
0.621970
0.612792
0.603455
0.593974
0.584363
0.574635
0.564801
0.554870
0.544853
0.534758
0.524592
0.514361
0.504073
0.493732
0.483344
0.472914
0.462444
0.451940
0.441404
0.430840
0.420249
0.409636
0.399001
0.388348
0.377677
0.366990
0.356289
0.345576
0.334851
0.324116
0.313371
0.302618
0.291857
0.281090
0.270316
0.259536
0.248751
0.237962
0.227168
0.216371
0.205570
0.194766
0.183959
0.173150
0.162338
0.151525
0.140709
0.129892
0.119073
0.108253
0.097432
0.086609
0.075786
0.064961
0.054136
0.043310
0.032483
0.021656
0.010828
0.000000
