0
0.176502
0.250714
0.316755
0.37541
0.427389
0.473334
0.513823
0.549382
0.580483
0.607556
0.630986
0.651125
0.668288
0.682762
0.694804
0.704648
0.712506
0.718568
0.723006
0.725978
0.727623
0.728069
0.727432
0.725815
0.723313
0.72001
0.715984
0.711303
0.706032
0.700226
0.693938
0.687212
0.680092
0.672616
0.664817
0.656726
0.648372
0.639779
0.630972
0.62197
0.612792
0.603455
0.593974
0.584363
0.574635
0.5648
0.55487
0.544853
0.534758
0.524591
0.514361
0.504073
0.493732
0.483344
0.472914
0.462444
0.45194
0.441404
0.43084
0.420249
0.409636
0.399001
0.388347
0.377677
0.36699
0.356289
0.345576
0.334851
0.324116
0.313371
0.302618
0.291857
0.28109
0.270316
0.259536
0.248751
0.237962
0.227168
0.216371
0.20557
0.194766
0.183959
0.17315
0.162338
0.151525
0.140709
0.129892
0.119073
0.108253
0.0974317
0.0866092
0.0757858
0.0649614
0.0541361
0.0433101
0.0324835
0.0216562
0.0108283
0
