0.000000
0.098332
0.182624
0.256405
0.321340
0.378573
0.429000
0.473370
0.512325
0.546425
0.576163
0.601978
0.624259
0.643358
0.659585
0.673223
0.684523
0.693714
0.700999
0.706563
0.710571
0.713175
0.714508
0.714693
0.713840
0.712048
0.709408
0.705999
0.701896
0.697165
0.691865
0.686051
0.679771
0.673069
0.665985
0.658556
0.650814
0.642789
0.634507
0.625992
0.617267
0.608351
0.599261
0.590015
0.580626
0.571108
0.561473
0.551731
0.541893
0.531968
0.521963
0.511886
0.501743
0.491540
0.481284
0.470978
0.460627
0.450235
0.439806
0.429343
0.418849
0.408327
0.397779
0.387207
0.376615
0.366002
0.355372
0.344725
0.334064
0.323388
0.312700
0.302001
0.291290
0.280570
0.269841
0.259104
0.248359
0.237607
0.226848
0.216083
0.205313
0.194537
0.183757
0.172973
0.162184
0.151391
0.140595
0.129795
0.118992
0.108186
0.097378
0.086566
0.075753
0.064937
0.054119
0.043299
0.032477
0.021653
0.010827
0.000000
